5 50 3
0 100
0 100
0 100
1 8 63 0 17
2 3 46 0 20
3 53 87 0 15
4 38 26 0 2
5 46 50 0 7
6 50 62 0 17
7 91 66 0 15
8 22 50 0 7
9 58 23 0 5
10 36 30 0 15
11 8 1 0 12
12 23 7 0 15
13 84 72 0 2
14 18 40 0 20
15 58 93 0 12
16 99 93 0 17
17 84 11 0 10
18 29 94 0 10
19 67 11 0 12
20 9 56 0 10
21 99 69 0 5
22 68 40 0 17
23 73 68 0 10
24 31 62 0 10
25 14 31 0 7
26 46 70 0 5
27 0 51 0 10
28 92 91 0 10
29 79 20 0 2
30 35 11 0 2
31 68 16 0 10
32 24 33 0 5
33 59 97 0 2
34 18 47 0 10
35 81 8 0 5
36 52 32 0 17
37 5 97 0 5
38 62 2 0 12
39 33 49 0 15
40 48 19 0 5
41 4 3 0 10
42 27 74 0 2
43 57 31 0 12
44 76 13 0 22
45 57 46 0 12
46 83 11 0 10
47 77 33 0 10
48 17 72 0 7
49 39 77 0 17
50 59 36 0 17
51 53 86
52 21 87
53 59 64
