7 100 2
0 200
0 200
1 7 86 0 11
2 13 10 0 7
3 18 72 0 15
4 31 68 0 1
5 7 19 0 15
6 31 40 0 10
7 11 82 0 7
8 38 66 0 14
9 85 59 0 5
10 63 98 0 15
11 27 65 0 7
12 27 85 0 1
13 89 3 0 18
14 92 73 0 1
15 71 70 0 3
16 91 43 0 7
17 7 35 0 5
18 14 53 0 18
19 40 23 0 18
20 45 97 0 18
21 46 51 0 3
22 42 57 0 15
23 94 80 0 10
24 67 60 0 14
25 61 69 0 10
26 43 3 0 5
27 19 92 0 14
28 52 9 0 1
29 57 91 0 10
30 2 16 0 14
31 30 52 0 18
32 38 44 0 10
33 1 73 0 3
34 93 80 0 1
35 14 9 0 15
36 70 51 0 3
37 70 1 0 3
38 47 85 0 10
39 73 51 0 10
40 59 45 0 10
41 22 31 0 3
42 19 91 0 15
43 77 67 0 15
44 11 88 0 11
45 65 84 0 14
46 30 60 0 5
47 98 83 0 7
48 90 39 0 11
49 88 10 0 3
50 54 21 0 18
51 38 37 0 18
52 53 95 0 14
53 74 49 0 15
54 85 24 0 7
55 75 45 0 7
56 41 55 0 10
57 11 55 0 11
58 66 92 0 14
59 34 68 0 1
60 99 28 0 10
61 97 25 0 14
62 72 69 0 15
63 63 89 0 7
64 29 63 0 15
65 50 12 0 14
66 37 16 0 10
67 72 54 0 11
68 54 34 0 10
69 50 34 0 7
70 64 98 0 7
71 57 27 0 11
72 19 53 0 11
73 12 12 0 10
74 17 33 0 14
75 53 84 0 15
76 69 88 0 14
77 18 54 0 7
78 5 78 0 10
79 60 98 0 18
80 14 90 0 3
81 92 90 0 11
82 57 95 0 1
83 83 87 0 7
84 46 11 0 10
85 49 59 0 3
86 15 21 0 14
87 2 32 0 11
88 93 58 0 5
89 46 52 0 3
90 81 5 0 11
91 11 33 0 1
92 21 75 0 18
93 85 1 0 1
94 7 1 0 5
95 68 90 0 18
96 11 26 0 15
97 65 17 0 15
98 92 61 0 1
99 36 53 0 5
100 65 32 0 3
101 29 51
102 25 68
