6 50 2
0 100
0 100
1 7 86 0 10
2 13 10 0 12
3 18 72 0 12
4 31 68 0 12
5 7 19 0 22
6 31 40 0 10
7 11 82 0 5
8 38 66 0 2
9 85 59 0 10
10 63 98 0 2
11 27 65 0 2
12 27 85 0 15
13 89 3 0 15
14 92 73 0 10
15 71 70 0 15
16 91 43 0 15
17 7 35 0 20
18 14 53 0 5
19 40 23 0 22
20 45 97 0 7
21 46 51 0 15
22 42 57 0 5
23 94 80 0 10
24 67 60 0 5
25 61 69 0 5
26 43 3 0 10
27 19 92 0 10
28 52 9 0 15
29 57 91 0 5
30 2 16 0 5
31 30 52 0 12
32 38 44 0 12
33 1 73 0 17
34 93 80 0 17
35 14 9 0 12
36 70 51 0 15
37 70 1 0 5
38 47 85 0 5
39 73 51 0 10
40 59 45 0 20
41 22 31 0 5
42 19 91 0 22
43 77 67 0 5
44 11 88 0 5
45 65 84 0 7
46 30 60 0 10
47 98 83 0 5
48 90 39 0 12
49 88 10 0 17
50 54 21 0 12
51 29 51
52 25 68
