4 50 3
0 200
0 200
0 200
1 13 10 0 12
2 18 72 0 12
3 31 68 0 22
4 7 19 0 10
5 31 40 0 5
6 11 82 0 2
7 38 66 0 10
8 85 59 0 2
9 63 98 0 2
10 27 65 0 15
11 27 85 0 15
12 89 3 0 10
13 92 73 0 15
14 71 70 0 15
15 91 43 0 20
16 7 35 0 5
17 14 53 0 22
18 40 23 0 7
19 45 97 0 15
20 46 51 0 5
21 42 57 0 10
22 94 80 0 5
23 67 60 0 5
24 61 69 0 10
25 43 3 0 10
26 19 92 0 15
27 52 9 0 5
28 57 91 0 5
29 2 16 0 12
30 30 52 0 12
31 38 44 0 17
32 1 73 0 17
33 93 80 0 12
34 14 9 0 15
35 70 51 0 5
36 70 1 0 5
37 47 85 0 10
38 73 51 0 20
39 59 45 0 5
40 22 31 0 22
41 19 91 0 5
42 77 67 0 5
43 11 88 0 7
44 65 84 0 10
45 30 60 0 5
46 98 83 0 12
47 90 39 0 17
48 88 10 0 12
49 54 21 0 12
50 38 37 0 22
51 29 51
52 25 68
53 7 86
