3 100 3
0 200
0 200
0 200
1 26 95 0 15
2 38 41 0 18
3 95 56 0 18
4 13 20 0 10
5 51 48 0 1
6 51 34 0 10
7 44 63 0 11
8 69 82 0 15
9 91 73 0 3
10 44 7 0 5
11 91 78 0 18
12 97 59 0 14
13 62 66 0 1
14 88 81 0 5
15 72 40 0 15
16 24 58 0 14
17 82 48 0 18
18 93 16 0 15
19 77 60 0 18
20 16 72 0 10
21 21 84 0 10
22 77 5 0 1
23 75 57 0 18
24 73 74 0 7
25 42 30 0 7
26 39 32 0 5
27 5 69 0 1
28 28 62 0 11
29 37 85 0 18
30 53 3 0 11
31 49 42 0 14
32 23 92 0 3
33 59 34 0 1
34 0 95 0 3
35 11 54 0 7
36 80 7 0 5
37 66 97 0 18
38 29 33 0 1
39 4 0 0 5
40 36 88 0 18
41 50 12 0 14
42 82 55 0 7
43 96 1 0 18
44 4 55 0 18
45 10 7 0 10
46 85 8 0 18
47 10 64 0 11
48 66 97 0 5
49 34 54 0 5
50 19 61 0 15
51 58 27 0 15
52 87 47 0 5
53 40 33 0 14
54 40 42 0 7
55 62 85 0 14
56 51 94 0 11
57 34 70 0 11
58 3 75 0 3
59 62 68 0 18
60 9 90 0 18
61 29 47 0 7
62 82 3 0 18
63 85 23 0 1
64 3 23 0 7
65 10 88 0 10
66 75 16 0 1
67 69 72 0 14
68 52 76 0 1
69 7 85 0 1
70 84 51 0 1
71 45 41 0 18
72 47 21 0 1
73 64 59 0 18
74 47 99 0 15
75 47 10 0 18
76 55 8 0 5
77 9 28 0 1
78 10 11 0 3
79 39 54 0 11
80 47 57 0 18
81 52 91 0 5
82 55 53 0 5
83 52 51 0 10
84 42 43 0 14
85 93 47 0 11
86 88 70 0 14
87 98 93 0 7
88 13 14 0 5
89 6 4 0 14
90 38 19 0 15
91 59 20 0 5
92 81 99 0 3
93 72 64 0 18
94 2 14 0 14
95 38 74 0 3
96 57 64 0 11
97 5 86 0 18
98 14 72 0 14
99 81 47 0 15
100 80 71 0 5
101 65 30
102 47 77
103 91 93
