4 100 3
0 200
0 200
0 200
1 13 10 0 15
2 18 72 0 1
3 31 68 0 15
4 7 19 0 10
5 31 40 0 7
6 11 82 0 14
7 38 66 0 5
8 85 59 0 15
9 63 98 0 7
10 27 65 0 1
11 27 85 0 18
12 89 3 0 1
13 92 73 0 3
14 71 70 0 7
15 91 43 0 5
16 7 35 0 18
17 14 53 0 18
18 40 23 0 18
19 45 97 0 3
20 46 51 0 15
21 42 57 0 10
22 94 80 0 14
23 67 60 0 10
24 61 69 0 5
25 43 3 0 14
26 19 92 0 1
27 52 9 0 10
28 57 91 0 14
29 2 16 0 18
30 30 52 0 10
31 38 44 0 3
32 1 73 0 1
33 93 80 0 15
34 14 9 0 3
35 70 51 0 3
36 70 1 0 10
37 47 85 0 10
38 73 51 0 10
39 59 45 0 3
40 22 31 0 15
41 19 91 0 15
42 77 67 0 11
43 11 88 0 14
44 65 84 0 5
45 30 60 0 7
46 98 83 0 11
47 90 39 0 3
48 88 10 0 18
49 54 21 0 18
50 38 37 0 14
51 53 95 0 15
52 74 49 0 7
53 85 24 0 7
54 75 45 0 10
55 41 55 0 11
56 11 55 0 14
57 66 92 0 1
58 34 68 0 10
59 99 28 0 14
60 97 25 0 15
61 72 69 0 7
62 63 89 0 15
63 29 63 0 14
64 50 12 0 10
65 37 16 0 11
66 72 54 0 10
67 54 34 0 7
68 50 34 0 7
69 64 98 0 11
70 57 27 0 11
71 19 53 0 10
72 12 12 0 14
73 17 33 0 15
74 53 84 0 14
75 69 88 0 7
76 18 54 0 10
77 5 78 0 18
78 60 98 0 3
79 14 90 0 11
80 92 90 0 1
81 57 95 0 7
82 83 87 0 10
83 46 11 0 3
84 49 59 0 14
85 15 21 0 11
86 2 32 0 5
87 93 58 0 3
88 46 52 0 11
89 81 5 0 1
90 11 33 0 18
91 21 75 0 1
92 85 1 0 5
93 7 1 0 18
94 68 90 0 15
95 11 26 0 15
96 65 17 0 1
97 92 61 0 5
98 36 53 0 3
99 65 32 0 18
100 11 50 0 15
101 29 51
102 25 68
103 7 86
