2 100 3
0 300
0 300
0 300
1 77 74 0 11
2 59 88 0 15
3 45 79 0 18
4 14 40 0 1
5 5 45 0 15
6 17 94 0 7
7 84 87 0 3
8 64 21 0 10
9 94 1 0 1
10 18 18 0 11
11 29 59 0 3
12 12 11 0 11
13 26 80 0 15
14 13 5 0 1
15 6 25 0 11
16 36 0 0 10
17 26 50 0 10
18 58 42 0 5
19 44 17 0 3
20 75 37 0 5
21 15 37 0 7
22 43 96 0 18
23 76 29 0 7
24 42 94 0 10
25 82 62 0 11
26 32 91 0 18
27 71 27 0 10
28 85 53 0 14
29 13 27 0 15
30 12 8 0 7
31 51 14 0 15
32 76 72 0 7
33 60 91 0 18
34 27 50 0 14
35 80 67 0 7
36 56 91 0 10
37 61 83 0 11
38 6 6 0 7
39 4 52 0 1
40 92 6 0 18
41 69 5 0 10
42 16 32 0 7
43 29 64 0 18
44 8 99 0 3
45 57 67 0 1
46 16 77 0 15
47 38 25 0 18
48 58 70 0 15
49 55 32 0 3
50 59 30 0 5
51 33 31 0 10
52 79 15 0 14
53 71 75 0 3
54 16 12 0 1
55 16 7 0 14
56 91 94 0 11
57 43 96 0 15
58 64 0 0 10
59 4 25 0 11
60 0 27 0 10
61 63 48 0 15
62 40 53 0 11
63 95 50 0 3
64 75 37 0 14
65 12 59 0 14
66 73 79 0 3
67 2 43 0 3
68 1 50 0 5
69 52 66 0 10
70 32 42 0 1
71 62 1 0 7
72 74 98 0 14
73 14 98 0 1
74 57 99 0 14
75 93 7 0 1
76 87 51 0 11
77 62 31 0 18
78 9 54 0 14
79 63 75 0 7
80 8 1 0 7
81 73 39 0 11
82 49 37 0 15
83 50 58 0 3
84 3 68 0 10
85 55 73 0 7
86 24 86 0 11
87 83 24 0 10
88 93 56 0 3
89 94 95 0 3
90 57 58 0 5
91 65 82 0 18
92 4 50 0 5
93 97 14 0 10
94 21 55 0 18
95 68 76 0 14
96 52 61 0 11
97 27 97 0 3
98 17 82 0 15
99 77 93 0 5
100 94 33 0 7
101 0 10
102 28 2
103 47 6
