3 100 3
0 200
0 200
0 200
1 89 1 0 15
2 57 12 0 18
3 91 68 0 11
4 20 11 0 18
5 0 89 0 14
6 80 25 0 18
7 46 16 0 3
8 17 51 0 10
9 10 59 0 5
10 78 8 0 15
11 36 47 0 14
12 63 44 0 3
13 7 31 0 3
14 0 42 0 18
15 30 95 0 14
16 44 77 0 11
17 1 41 0 3
18 84 78 0 14
19 61 18 0 1
20 73 95 0 10
21 46 77 0 7
22 16 69 0 5
23 54 93 0 10
24 77 97 0 15
25 41 48 0 18
26 43 43 0 3
27 9 15 0 15
28 35 15 0 7
29 3 26 0 1
30 52 0 0 14
31 62 99 0 7
32 33 21 0 5
33 84 52 0 18
34 71 13 0 1
35 15 31 0 10
36 7 32 0 7
37 38 69 0 10
38 58 8 0 1
39 53 33 0 5
40 66 85 0 15
41 19 43 0 11
42 59 83 0 18
43 28 96 0 14
44 8 90 0 15
45 49 88 0 14
46 96 28 0 15
47 28 79 0 14
48 17 52 0 5
49 52 12 0 5
50 12 85 0 5
51 64 50 0 14
52 25 0 0 18
53 69 15 0 1
54 17 41 0 18
55 55 41 0 3
56 48 93 0 7
57 93 82 0 1
58 51 90 0 18
59 46 88 0 15
60 70 31 0 1
61 54 71 0 11
62 27 43 0 18
63 38 63 0 18
64 31 42 0 15
65 46 50 0 10
66 58 33 0 1
67 60 1 0 11
68 36 88 0 7
69 55 47 0 1
70 43 16 0 15
71 52 86 0 1
72 63 8 0 11
73 30 35 0 15
74 86 33 0 10
75 70 34 0 18
76 49 3 0 1
77 49 1 0 18
78 76 3 0 3
79 7 63 0 14
80 42 83 0 1
81 80 55 0 14
82 36 84 0 18
83 56 94 0 11
84 64 8 0 7
85 9 66 0 14
86 43 92 0 3
87 18 71 0 3
88 76 79 0 1
89 64 23 0 1
90 94 59 0 11
91 43 85 0 10
92 50 43 0 5
93 44 80 0 5
94 42 89 0 15
95 66 75 0 18
96 12 76 0 11
97 87 53 0 11
98 53 44 0 5
99 26 24 0 18
100 91 23 0 10
101 59 84
102 94 29
103 51 64
