6 100 1
0 300
1 28 2 0 18
2 47 6 0 18
3 77 74 0 14
4 59 88 0 14
5 45 79 0 11
6 14 40 0 15
7 5 45 0 18
8 17 94 0 1
9 84 87 0 15
10 64 21 0 7
11 94 1 0 3
12 18 18 0 10
13 29 59 0 1
14 12 11 0 11
15 26 80 0 3
16 13 5 0 11
17 6 25 0 15
18 36 0 0 1
19 26 50 0 11
20 58 42 0 10
21 44 17 0 10
22 75 37 0 5
23 15 37 0 3
24 43 96 0 5
25 76 29 0 7
26 42 94 0 18
27 82 62 0 7
28 32 91 0 10
29 71 27 0 11
30 85 53 0 18
31 13 27 0 10
32 12 8 0 14
33 51 14 0 15
34 76 72 0 7
35 60 91 0 15
36 27 50 0 7
37 80 67 0 18
38 56 91 0 14
39 61 83 0 7
40 6 6 0 10
41 4 52 0 11
42 92 6 0 7
43 69 5 0 1
44 16 32 0 18
45 29 64 0 10
46 8 99 0 7
47 57 67 0 18
48 16 77 0 3
49 38 25 0 1
50 58 70 0 15
51 55 32 0 18
52 59 30 0 15
53 33 31 0 3
54 79 15 0 5
55 71 75 0 10
56 16 12 0 14
57 16 7 0 3
58 91 94 0 1
59 43 96 0 14
60 64 0 0 11
61 4 25 0 15
62 0 27 0 10
63 63 48 0 11
64 40 53 0 10
65 95 50 0 15
66 75 37 0 11
67 12 59 0 3
68 73 79 0 14
69 2 43 0 14
70 1 50 0 3
71 52 66 0 3
72 32 42 0 5
73 62 1 0 10
74 74 98 0 1
75 14 98 0 7
76 57 99 0 14
77 93 7 0 1
78 87 51 0 14
79 62 31 0 1
80 9 54 0 11
81 63 75 0 18
82 8 1 0 14
83 73 39 0 7
84 49 37 0 7
85 50 58 0 11
86 3 68 0 15
87 55 73 0 3
88 24 86 0 10
89 83 24 0 7
90 93 56 0 11
91 94 95 0 10
92 57 58 0 3
93 65 82 0 3
94 4 50 0 5
95 97 14 0 18
96 21 55 0 5
97 68 76 0 10
98 52 61 0 18
99 27 97 0 14
100 17 82 0 11
101 0 10
