6 100 1
0 300
1 98 60 0 5
2 23 44 0 5
3 67 74 0 15
4 56 16 0 14
5 33 46 0 10
6 63 76 0 1
7 21 78 0 7
8 86 60 0 1
9 36 25 0 10
10 16 28 0 5
11 38 83 0 5
12 61 39 0 7
13 18 83 0 11
14 21 42 0 15
15 49 3 0 11
16 88 9 0 7
17 77 69 0 1
18 32 24 0 14
19 88 29 0 11
20 94 50 0 18
21 97 84 0 5
22 35 41 0 10
23 52 81 0 5
24 53 28 0 15
25 47 44 0 14
26 95 71 0 11
27 15 16 0 7
28 23 77 0 7
29 53 35 0 14
30 62 82 0 15
31 51 69 0 15
32 43 62 0 14
33 85 40 0 7
34 34 34 0 11
35 63 24 0 11
36 96 76 0 3
37 6 33 0 5
38 93 32 0 11
39 3 81 0 1
40 10 38 0 1
41 36 23 0 18
42 96 77 0 15
43 28 47 0 7
44 32 37 0 1
45 69 43 0 15
46 66 42 0 11
47 10 99 0 11
48 98 25 0 1
49 34 20 0 18
50 77 74 0 15
51 66 34 0 3
52 52 82 0 10
53 64 97 0 5
54 71 13 0 14
55 9 80 0 3
56 41 30 0 5
57 76 37 0 11
58 12 29 0 14
59 44 34 0 7
60 62 36 0 1
61 99 68 0 11
62 24 22 0 15
63 29 80 0 3
64 31 52 0 14
65 88 35 0 1
66 46 24 0 10
67 92 67 0 18
68 43 27 0 14
69 90 76 0 3
70 65 76 0 15
71 92 68 0 11
72 6 32 0 11
73 32 99 0 18
74 74 21 0 18
75 70 26 0 14
76 96 35 0 3
77 66 83 0 5
78 85 38 0 10
79 94 57 0 10
80 41 2 0 14
81 59 54 0 15
82 43 34 0 3
83 95 35 0 14
84 31 33 0 18
85 37 20 0 14
86 96 96 0 3
87 17 18 0 5
88 58 64 0 5
89 32 3 0 18
90 96 38 0 15
91 87 27 0 11
92 35 72 0 11
93 53 40 0 11
94 37 81 0 11
95 74 56 0 15
96 93 56 0 3
97 96 44 0 5
98 95 59 0 5
99 16 27 0 1
100 0 70 0 1
101 57 55
