2 100 3
0 300
0 300
0 300
1 69 96 0 10
2 61 33 0 10
3 54 44 0 3
4 70 55 0 18
5 69 98 0 15
6 29 48 0 3
7 61 49 0 10
8 45 5 0 18
9 6 5 0 18
10 1 3 0 5
11 12 4 0 18
12 3 71 0 7
13 80 83 0 18
14 76 66 0 18
15 72 22 0 10
16 95 46 0 14
17 93 65 0 14
18 89 89 0 7
19 39 35 0 15
20 57 47 0 5
21 57 75 0 3
22 10 47 0 11
23 10 98 0 7
24 14 59 0 18
25 36 78 0 18
26 50 44 0 1
27 86 95 0 18
28 13 1 0 10
29 54 65 0 1
30 61 96 0 11
31 72 26 0 1
32 15 88 0 11
33 97 26 0 1
34 17 67 0 14
35 14 37 0 5
36 0 63 0 5
37 32 22 0 11
38 18 32 0 11
39 73 52 0 11
40 93 32 0 14
41 35 98 0 7
42 2 30 0 5
43 18 98 0 3
44 76 33 0 15
45 28 65 0 11
46 33 65 0 5
47 24 19 0 1
48 48 79 0 10
49 92 61 0 10
50 20 76 0 14
51 69 71 0 1
52 33 43 0 11
53 73 70 0 3
54 83 20 0 10
55 81 30 0 18
56 48 26 0 5
57 35 83 0 5
58 92 67 0 10
59 12 31 0 15
60 84 36 0 10
61 9 61 0 7
62 5 49 0 14
63 43 50 0 15
64 38 42 0 15
65 19 16 0 1
66 66 95 0 18
67 10 2 0 15
68 22 97 0 18
69 94 1 0 14
70 62 56 0 11
71 94 35 0 18
72 66 25 0 15
73 3 55 0 7
74 25 46 0 18
75 38 9 0 14
76 79 84 0 3
77 88 56 0 18
78 2 10 0 11
79 44 44 0 3
80 4 80 0 5
81 12 48 0 3
82 2 64 0 3
83 50 84 0 15
84 58 10 0 3
85 97 6 0 10
86 74 15 0 18
87 76 62 0 7
88 63 38 0 3
89 95 98 0 18
90 44 34 0 15
91 57 82 0 1
92 96 95 0 18
93 73 55 0 7
94 13 11 0 11
95 83 4 0 5
96 47 90 0 7
97 6 15 0 10
98 0 77 0 7
99 60 80 0 11
100 43 33 0 3
101 45 48
102 31 61
103 21 41
