6 100 1
0 300
1 94 29 0 7
2 51 64 0 14
3 89 1 0 3
4 57 12 0 18
5 91 68 0 15
6 20 11 0 18
7 0 89 0 11
8 80 25 0 18
9 46 16 0 14
10 17 51 0 18
11 10 59 0 3
12 78 8 0 10
13 36 47 0 5
14 63 44 0 15
15 7 31 0 14
16 0 42 0 3
17 30 95 0 3
18 44 77 0 18
19 1 41 0 14
20 84 78 0 11
21 61 18 0 3
22 73 95 0 14
23 46 77 0 1
24 16 69 0 10
25 54 93 0 7
26 77 97 0 5
27 41 48 0 10
28 43 43 0 15
29 9 15 0 18
30 35 15 0 3
31 3 26 0 15
32 52 0 0 7
33 62 99 0 1
34 33 21 0 14
35 84 52 0 7
36 71 13 0 5
37 15 31 0 18
38 7 32 0 1
39 38 69 0 10
40 58 8 0 7
41 53 33 0 10
42 66 85 0 1
43 19 43 0 5
44 59 83 0 15
45 28 96 0 11
46 8 90 0 18
47 49 88 0 14
48 96 28 0 15
49 28 79 0 14
50 17 52 0 15
51 52 12 0 14
52 12 85 0 5
53 64 50 0 5
54 25 0 0 5
55 69 15 0 14
56 17 41 0 18
57 55 41 0 1
58 48 93 0 18
59 93 82 0 3
60 51 90 0 7
61 46 88 0 1
62 70 31 0 18
63 54 71 0 15
64 27 43 0 1
65 38 63 0 11
66 31 42 0 18
67 46 50 0 18
68 58 33 0 15
69 60 1 0 10
70 36 88 0 1
71 55 47 0 11
72 43 16 0 7
73 52 86 0 1
74 63 8 0 15
75 30 35 0 1
76 86 33 0 11
77 70 34 0 15
78 49 3 0 10
79 49 1 0 18
80 76 3 0 1
81 7 63 0 18
82 42 83 0 3
83 80 55 0 14
84 36 84 0 1
85 56 94 0 14
86 64 8 0 18
87 9 66 0 11
88 43 92 0 7
89 18 71 0 14
90 76 79 0 3
91 64 23 0 3
92 94 59 0 1
93 43 85 0 1
94 50 43 0 11
95 44 80 0 10
96 42 89 0 5
97 66 75 0 5
98 12 76 0 15
99 87 53 0 18
100 53 44 0 11
101 59 84
