4 100 3
0 200
0 200
0 200
1 16 73 0 1
2 3 99 0 1
3 60 56 0 3
4 7 65 0 5
5 71 57 0 1
6 98 65 0 1
7 5 92 0 14
8 66 26 0 1
9 4 78 0 5
10 97 9 0 5
11 52 67 0 10
12 26 39 0 10
13 16 26 0 7
14 4 48 0 14
15 79 74 0 14
16 96 6 0 14
17 43 98 0 11
18 58 35 0 5
19 4 73 0 14
20 87 90 0 5
21 91 59 0 10
22 85 37 0 11
23 90 45 0 15
24 39 25 0 7
25 76 70 0 18
26 81 18 0 11
27 23 97 0 18
28 22 21 0 15
29 36 33 0 11
30 15 90 0 7
31 55 72 0 11
32 87 17 0 10
33 88 24 0 3
34 42 87 0 14
35 96 93 0 7
36 78 96 0 18
37 31 46 0 14
38 32 46 0 7
39 43 76 0 1
40 84 13 0 10
41 22 34 0 5
42 56 30 0 3
43 18 40 0 3
44 25 51 0 1
45 12 37 0 5
46 31 43 0 14
47 89 82 0 3
48 33 4 0 3
49 14 11 0 7
50 45 27 0 3
51 15 61 0 11
52 53 42 0 1
53 31 92 0 7
54 1 48 0 15
55 73 85 0 18
56 6 42 0 15
57 91 58 0 11
58 65 27 0 14
59 84 31 0 5
60 23 95 0 15
61 63 49 0 5
62 15 38 0 3
63 11 16 0 7
64 42 59 0 10
65 9 98 0 10
66 86 3 0 18
67 81 19 0 10
68 9 96 0 5
69 29 33 0 1
70 56 78 0 11
71 53 36 0 18
72 54 24 0 10
73 13 63 0 1
74 55 74 0 15
75 31 0 0 3
76 37 1 0 7
77 46 74 0 3
78 54 78 0 10
79 59 71 0 3
80 95 57 0 10
81 58 29 0 10
82 81 91 0 11
83 15 98 0 1
84 65 43 0 1
85 4 0 0 18
86 10 8 0 5
87 16 35 0 7
88 8 8 0 11
89 44 7 0 1
90 45 58 0 11
91 59 81 0 1
92 77 21 0 7
93 33 51 0 10
94 92 74 0 3
95 22 44 0 1
96 59 67 0 7
97 31 6 0 7
98 19 51 0 10
99 15 63 0 15
100 81 49 0 3
101 83 12
102 90 81
103 92 11
