5 100 3
0 200
0 200
0 200
1 49 89 0 5
2 45 63 0 5
3 34 40 0 5
4 2 16 0 1
5 29 51 0 11
6 69 80 0 5
7 16 28 0 10
8 68 91 0 7
9 39 87 0 14
10 41 55 0 1
11 95 3 0 18
12 18 37 0 1
13 30 93 0 7
14 17 26 0 11
15 15 3 0 1
16 20 92 0 11
17 72 74 0 18
18 52 24 0 1
19 58 3 0 10
20 13 24 0 10
21 81 79 0 5
22 27 48 0 14
23 81 99 0 15
24 69 56 0 15
25 83 20 0 1
26 59 11 0 1
27 15 24 0 15
28 72 70 0 15
29 20 65 0 7
30 77 43 0 7
31 51 61 0 14
32 81 98 0 3
33 11 31 0 11
34 69 91 0 10
35 93 94 0 10
36 59 6 0 10
37 54 18 0 10
38 3 94 0 15
39 88 0 0 1
40 59 41 0 18
41 41 27 0 11
42 69 20 0 5
43 68 75 0 15
44 85 68 0 1
45 0 17 0 1
46 74 60 0 7
47 10 21 0 3
48 97 83 0 7
49 28 37 0 3
50 2 49 0 3
51 12 11 0 3
52 47 57 0 7
53 29 79 0 11
54 19 95 0 5
55 84 7 0 14
56 37 52 0 14
57 57 61 0 3
58 69 52 0 14
59 25 73 0 15
60 2 20 0 10
61 37 25 0 10
62 32 9 0 15
63 39 60 0 11
64 17 47 0 10
65 85 44 0 18
66 51 45 0 7
67 60 81 0 18
68 97 81 0 15
69 97 46 0 3
70 5 26 0 5
71 84 49 0 3
72 25 11 0 11
73 3 7 0 7
74 39 77 0 3
75 77 1 0 3
76 81 10 0 7
77 39 29 0 11
78 40 40 0 18
79 5 6 0 11
80 42 50 0 11
81 27 68 0 1
82 4 46 0 10
83 93 29 0 15
84 95 68 0 14
85 4 81 0 5
86 44 27 0 7
87 89 9 0 7
88 55 39 0 3
89 85 63 0 14
90 74 67 0 7
91 37 39 0 5
92 8 77 0 7
93 89 84 0 15
94 14 52 0 10
95 14 22 0 1
96 20 67 0 11
97 20 48 0 5
98 52 82 0 10
99 12 15 0 7
100 20 84 0 14
101 49 76
102 8 13
103 30 63
