6 100 1
0 300
1 47 77 0 7
2 91 93 0 10
3 26 95 0 5
4 38 41 0 3
5 95 56 0 15
6 13 20 0 18
7 51 48 0 18
8 51 34 0 10
9 44 63 0 1
10 69 82 0 10
11 91 73 0 11
12 44 7 0 15
13 91 78 0 3
14 97 59 0 5
15 62 66 0 18
16 88 81 0 14
17 72 40 0 1
18 24 58 0 5
19 82 48 0 15
20 93 16 0 14
21 77 60 0 18
22 16 72 0 15
23 21 84 0 18
24 77 5 0 10
25 75 57 0 10
26 73 74 0 1
27 42 30 0 18
28 39 32 0 7
29 5 69 0 7
30 28 62 0 5
31 37 85 0 1
32 53 3 0 11
33 49 42 0 18
34 23 92 0 11
35 59 34 0 14
36 0 95 0 3
37 11 54 0 1
38 80 7 0 3
39 66 97 0 7
40 29 33 0 5
41 4 0 0 18
42 36 88 0 1
43 50 12 0 5
44 82 55 0 18
45 96 1 0 14
46 4 55 0 7
47 10 7 0 18
48 85 8 0 18
49 10 64 0 10
50 66 97 0 18
51 34 54 0 11
52 19 61 0 5
53 58 27 0 5
54 87 47 0 15
55 40 33 0 15
56 40 42 0 5
57 62 85 0 14
58 51 94 0 7
59 34 70 0 14
60 3 75 0 11
61 62 68 0 11
62 9 90 0 3
63 29 47 0 18
64 82 3 0 18
65 85 23 0 7
66 3 23 0 18
67 10 88 0 1
68 75 16 0 7
69 69 72 0 10
70 52 76 0 1
71 7 85 0 14
72 84 51 0 1
73 45 41 0 1
74 47 21 0 1
75 64 59 0 18
76 47 99 0 1
77 47 10 0 18
78 55 8 0 15
79 9 28 0 18
80 10 11 0 5
81 39 54 0 1
82 47 57 0 3
83 52 91 0 11
84 55 53 0 18
85 52 51 0 5
86 42 43 0 5
87 93 47 0 10
88 88 70 0 14
89 98 93 0 11
90 13 14 0 14
91 6 4 0 7
92 38 19 0 5
93 59 20 0 14
94 81 99 0 15
95 72 64 0 5
96 2 14 0 3
97 38 74 0 18
98 57 64 0 14
99 5 86 0 3
100 14 72 0 11
101 65 30
