2 100 3
0 300
0 300
0 300
1 67 74 0 10
2 56 16 0 1
3 33 46 0 7
4 63 76 0 1
5 21 78 0 10
6 86 60 0 5
7 36 25 0 5
8 16 28 0 7
9 38 83 0 11
10 61 39 0 15
11 18 83 0 11
12 21 42 0 7
13 49 3 0 1
14 88 9 0 14
15 77 69 0 11
16 32 24 0 18
17 88 29 0 5
18 94 50 0 10
19 97 84 0 5
20 35 41 0 15
21 52 81 0 14
22 53 28 0 11
23 47 44 0 7
24 95 71 0 7
25 15 16 0 14
26 23 77 0 15
27 53 35 0 15
28 62 82 0 14
29 51 69 0 7
30 43 62 0 11
31 85 40 0 11
32 34 34 0 3
33 63 24 0 5
34 96 76 0 11
35 6 33 0 1
36 93 32 0 1
37 3 81 0 18
38 10 38 0 15
39 36 23 0 7
40 96 77 0 1
41 28 47 0 15
42 32 37 0 11
43 69 43 0 11
44 66 42 0 1
45 10 99 0 18
46 98 25 0 15
47 34 20 0 3
48 77 74 0 10
49 66 34 0 5
50 52 82 0 14
51 64 97 0 3
52 71 13 0 5
53 9 80 0 11
54 41 30 0 14
55 76 37 0 7
56 12 29 0 1
57 44 34 0 11
58 62 36 0 15
59 99 68 0 3
60 24 22 0 14
61 29 80 0 1
62 31 52 0 10
63 88 35 0 18
64 46 24 0 14
65 92 67 0 3
66 43 27 0 15
67 90 76 0 11
68 65 76 0 11
69 92 68 0 18
70 6 32 0 18
71 32 99 0 14
72 74 21 0 3
73 70 26 0 5
74 96 35 0 10
75 66 83 0 10
76 85 38 0 14
77 94 57 0 15
78 41 2 0 3
79 59 54 0 14
80 43 34 0 18
81 95 35 0 14
82 31 33 0 3
83 37 20 0 5
84 96 96 0 5
85 17 18 0 18
86 58 64 0 15
87 32 3 0 11
88 96 38 0 11
89 87 27 0 11
90 35 72 0 11
91 53 40 0 15
92 37 81 0 3
93 74 56 0 5
94 93 56 0 5
95 96 44 0 1
96 95 59 0 1
97 16 27 0 1
98 0 70 0 10
99 74 98 0 14
100 16 42 0 14
101 57 55
102 98 60
103 23 44
