6 100 1
0 300
1 63 47 0 18
2 71 61 0 5
3 44 9 0 14
4 61 5 0 7
5 56 53 0 3
6 39 90 0 1
7 53 70 0 3
8 71 20 0 3
9 30 98 0 3
10 1 46 0 14
11 46 85 0 1
12 45 63 0 7
13 47 22 0 3
14 21 25 0 5
15 4 17 0 3
16 61 82 0 11
17 52 27 0 18
18 71 30 0 15
19 38 22 0 1
20 34 3 0 18
21 71 69 0 15
22 59 74 0 18
23 71 52 0 15
24 55 53 0 15
25 76 83 0 18
26 85 78 0 1
27 37 47 0 1
28 39 79 0 3
29 55 96 0 1
30 75 7 0 3
31 64 98 0 7
32 94 49 0 1
33 66 3 0 15
34 34 74 0 10
35 4 93 0 15
36 17 65 0 11
37 48 58 0 18
38 54 3 0 18
39 39 18 0 11
40 92 43 0 10
41 0 62 0 3
42 71 27 0 14
43 45 71 0 7
44 18 23 0 14
45 45 14 0 5
46 80 54 0 15
47 79 76 0 15
48 11 18 0 11
49 15 33 0 15
50 31 41 0 10
51 1 71 0 5
52 78 65 0 14
53 81 87 0 7
54 0 57 0 18
55 96 13 0 3
56 27 47 0 1
57 18 40 0 5
58 42 94 0 1
59 46 77 0 11
60 86 72 0 5
61 6 87 0 5
62 82 14 0 14
63 32 84 0 14
64 1 6 0 14
65 16 65 0 1
66 29 5 0 11
67 69 75 0 5
68 68 7 0 1
69 98 46 0 5
70 2 42 0 11
71 82 73 0 7
72 49 85 0 18
73 4 84 0 14
74 99 19 0 11
75 60 41 0 5
76 7 49 0 3
77 33 7 0 14
78 13 51 0 14
79 96 67 0 5
80 16 84 0 5
81 54 1 0 3
82 52 82 0 7
83 20 47 0 18
84 25 10 0 15
85 21 55 0 5
86 82 40 0 5
87 5 49 0 5
88 6 52 0 10
89 87 71 0 15
90 19 38 0 1
91 70 63 0 10
92 3 20 0 5
93 32 68 0 3
94 94 72 0 14
95 68 7 0 11
96 82 67 0 18
97 33 26 0 1
98 64 22 0 15
99 70 88 0 1
100 17 18 0 1
101 61 38
