6 100 1
0 300
1 40 73 0 7
2 2 79 0 18
3 39 75 0 3
4 56 43 0 14
5 63 52 0 15
6 68 30 0 14
7 46 45 0 14
8 57 49 0 5
9 93 65 0 3
10 31 19 0 11
11 41 28 0 5
12 33 52 0 5
13 79 77 0 1
14 1 80 0 11
15 63 97 0 11
16 83 4 0 1
17 2 25 0 10
18 93 41 0 1
19 71 26 0 5
20 99 28 0 7
21 87 50 0 1
22 23 75 0 7
23 23 64 0 7
24 35 44 0 14
25 1 26 0 1
26 77 37 0 5
27 99 90 0 14
28 47 16 0 5
29 80 65 0 5
30 17 82 0 10
31 80 94 0 15
32 21 41 0 14
33 49 57 0 10
34 12 14 0 11
35 77 38 0 3
36 74 52 0 15
37 66 60 0 5
38 68 74 0 7
39 3 75 0 11
40 14 12 0 1
41 53 41 0 7
42 79 21 0 18
43 5 86 0 15
44 42 78 0 7
45 66 12 0 5
46 60 62 0 10
47 16 26 0 11
48 67 58 0 11
49 28 34 0 15
50 95 40 0 15
51 78 71 0 15
52 17 7 0 11
53 97 52 0 7
54 84 60 0 5
55 66 87 0 3
56 97 16 0 18
57 56 87 0 1
58 86 81 0 5
59 13 13 0 1
60 19 56 0 15
61 99 18 0 3
62 76 22 0 14
63 2 39 0 11
64 78 96 0 1
65 18 60 0 10
66 93 83 0 15
67 81 85 0 3
68 81 62 0 1
69 15 8 0 18
70 27 44 0 14
71 19 68 0 3
72 65 38 0 10
73 69 66 0 15
74 80 83 0 10
75 33 98 0 1
76 44 48 0 3
77 2 17 0 5
78 20 28 0 18
79 85 33 0 18
80 12 69 0 15
81 66 82 0 18
82 24 60 0 11
83 31 38 0 15
84 10 27 0 18
85 34 71 0 10
86 59 62 0 10
87 99 98 0 15
88 84 51 0 3
89 15 89 0 15
90 37 45 0 15
91 6 40 0 1
92 17 95 0 3
93 6 11 0 14
94 48 22 0 18
95 67 30 0 15
96 26 52 0 14
97 86 14 0 1
98 73 82 0 10
99 98 15 0 15
100 62 13 0 14
101 75 27
