6 100 1
0 300
1 65 65 0 5
2 23 42 0 18
3 20 62 0 1
4 36 85 0 10
5 85 55 0 14
6 28 20 0 18
7 44 35 0 11
8 72 7 0 5
9 96 10 0 5
10 88 41 0 7
11 75 69 0 18
12 52 59 0 18
13 87 62 0 1
14 76 11 0 14
15 85 67 0 10
16 62 56 0 15
17 74 95 0 1
18 38 22 0 5
19 37 19 0 5
20 74 25 0 15
21 23 93 0 15
22 95 55 0 3
23 41 43 0 15
24 73 3 0 5
25 9 89 0 14
26 99 47 0 18
27 10 51 0 14
28 26 49 0 7
29 74 72 0 14
30 44 55 0 15
31 63 10 0 10
32 33 51 0 3
33 21 28 0 3
34 66 78 0 1
35 50 30 0 15
36 77 22 0 1
37 38 97 0 5
38 59 53 0 5
39 66 37 0 15
40 92 9 0 15
41 36 41 0 3
42 29 37 0 15
43 80 77 0 10
44 52 93 0 18
45 14 20 0 7
46 72 47 0 18
47 4 15 0 3
48 19 88 0 7
49 72 88 0 7
50 12 1 0 5
51 17 55 0 14
52 40 18 0 10
53 86 33 0 1
54 21 73 0 14
55 36 81 0 18
56 61 51 0 3
57 60 12 0 1
58 23 26 0 1
59 21 58 0 7
60 59 29 0 7
61 82 22 0 14
62 60 35 0 15
63 6 17 0 11
64 70 69 0 11
65 19 34 0 1
66 3 76 0 7
67 93 66 0 14
68 19 76 0 15
69 91 39 0 10
70 41 67 0 10
71 56 33 0 7
72 3 14 0 15
73 52 47 0 1
74 91 51 0 15
75 37 1 0 15
76 4 70 0 3
77 94 49 0 3
78 5 67 0 1
79 90 16 0 14
80 36 54 0 3
81 21 3 0 10
82 71 8 0 7
83 37 23 0 18
84 87 59 0 18
85 73 16 0 3
86 92 54 0 5
87 22 46 0 5
88 14 47 0 14
89 77 27 0 1
90 92 65 0 5
91 41 65 0 10
92 40 38 0 3
93 17 79 0 15
94 80 67 0 14
95 79 99 0 3
96 97 1 0 15
97 61 45 0 10
98 66 40 0 5
99 63 3 0 18
100 72 98 0 18
101 53 19
