6 100 1
0 300
1 9 21 0 5
2 0 3 0 11
3 99 91 0 7
4 61 97 0 5
5 31 21 0 14
6 92 47 0 1
7 59 79 0 7
8 76 21 0 15
9 30 3 0 1
10 52 32 0 10
11 60 52 0 1
12 92 54 0 18
13 75 65 0 11
14 94 29 0 15
15 91 85 0 15
16 30 80 0 15
17 96 21 0 3
18 30 84 0 14
19 90 63 0 18
20 65 87 0 1
21 93 18 0 1
22 29 92 0 14
23 77 26 0 18
24 33 98 0 11
25 18 82 0 10
26 79 2 0 5
27 0 66 0 18
28 74 94 0 14
29 56 83 0 7
30 14 79 0 10
31 1 82 0 10
32 55 80 0 5
33 69 15 0 5
34 50 56 0 11
35 57 6 0 10
36 24 26 0 11
37 22 92 0 10
38 78 70 0 3
39 35 9 0 10
40 60 96 0 18
41 72 9 0 15
42 45 52 0 14
43 81 71 0 5
44 14 2 0 3
45 64 74 0 5
46 78 84 0 3
47 94 29 0 3
48 1 74 0 7
49 98 13 0 10
50 24 92 0 5
51 89 45 0 15
52 21 59 0 10
53 1 30 0 14
54 43 38 0 5
55 70 51 0 14
56 10 45 0 18
57 54 81 0 10
58 52 32 0 15
59 69 73 0 3
60 59 23 0 7
61 63 57 0 18
62 78 36 0 18
63 46 76 0 14
64 43 76 0 11
65 41 93 0 3
66 49 39 0 1
67 67 47 0 15
68 90 42 0 15
69 83 37 0 5
70 54 66 0 7
71 3 59 0 15
72 77 69 0 5
73 51 44 0 15
74 65 65 0 1
75 25 69 0 11
76 7 51 0 10
77 32 29 0 15
78 9 89 0 10
79 54 53 0 1
80 42 29 0 18
81 11 59 0 7
82 10 28 0 15
83 75 91 0 11
84 34 0 0 5
85 98 77 0 5
86 86 40 0 1
87 39 54 0 3
88 62 51 0 3
89 24 94 0 14
90 73 45 0 10
91 7 25 0 10
92 32 41 0 18
93 63 41 0 11
94 67 17 0 1
95 39 72 0 3
96 99 7 0 15
97 55 76 0 10
98 44 61 0 7
99 81 0 0 18
100 79 5 0 14
101 55 55
