6 100 1
0 300
1 31 61 0 11
2 21 41 0 10
3 69 96 0 10
4 61 33 0 7
5 54 44 0 10
6 70 55 0 10
7 69 98 0 3
8 29 48 0 18
9 61 49 0 15
10 45 5 0 3
11 6 5 0 10
12 1 3 0 18
13 12 4 0 18
14 3 71 0 5
15 80 83 0 18
16 76 66 0 7
17 72 22 0 18
18 95 46 0 18
19 93 65 0 10
20 89 89 0 14
21 39 35 0 14
22 57 47 0 7
23 57 75 0 15
24 10 47 0 5
25 10 98 0 3
26 14 59 0 11
27 36 78 0 7
28 50 44 0 18
29 86 95 0 18
30 13 1 0 1
31 54 65 0 18
32 61 96 0 10
33 72 26 0 1
34 15 88 0 11
35 97 26 0 1
36 17 67 0 11
37 14 37 0 1
38 0 63 0 14
39 32 22 0 5
40 18 32 0 5
41 73 52 0 11
42 93 32 0 11
43 35 98 0 11
44 2 30 0 14
45 18 98 0 7
46 76 33 0 5
47 28 65 0 3
48 33 65 0 15
49 24 19 0 11
50 48 79 0 5
51 92 61 0 1
52 20 76 0 10
53 69 71 0 10
54 33 43 0 14
55 73 70 0 1
56 83 20 0 11
57 81 30 0 3
58 48 26 0 10
59 35 83 0 18
60 92 67 0 5
61 12 31 0 5
62 84 36 0 10
63 9 61 0 15
64 5 49 0 10
65 43 50 0 7
66 38 42 0 14
67 19 16 0 15
68 66 95 0 15
69 10 2 0 1
70 22 97 0 18
71 94 1 0 15
72 62 56 0 18
73 94 35 0 14
74 66 25 0 11
75 3 55 0 18
76 25 46 0 15
77 38 9 0 7
78 79 84 0 18
79 88 56 0 14
80 2 10 0 3
81 44 44 0 18
82 4 80 0 11
83 12 48 0 3
84 2 64 0 5
85 50 84 0 3
86 58 10 0 3
87 97 6 0 15
88 74 15 0 3
89 76 62 0 10
90 63 38 0 18
91 95 98 0 7
92 44 34 0 3
93 57 82 0 18
94 96 95 0 15
95 73 55 0 1
96 13 11 0 18
97 83 4 0 7
98 47 90 0 11
99 6 15 0 5
100 0 77 0 7
101 45 48
