2 100 3
0 300
0 300
0 300
1 20 62 0 14
2 36 85 0 18
3 85 55 0 11
4 28 20 0 5
5 44 35 0 5
6 72 7 0 7
7 96 10 0 18
8 88 41 0 18
9 75 69 0 1
10 52 59 0 14
11 87 62 0 10
12 76 11 0 15
13 85 67 0 1
14 62 56 0 5
15 74 95 0 5
16 38 22 0 15
17 37 19 0 15
18 74 25 0 3
19 23 93 0 15
20 95 55 0 5
21 41 43 0 14
22 73 3 0 18
23 9 89 0 14
24 99 47 0 7
25 10 51 0 14
26 26 49 0 15
27 74 72 0 10
28 44 55 0 3
29 63 10 0 3
30 33 51 0 1
31 21 28 0 15
32 66 78 0 1
33 50 30 0 5
34 77 22 0 5
35 38 97 0 15
36 59 53 0 15
37 66 37 0 3
38 92 9 0 15
39 36 41 0 10
40 29 37 0 18
41 80 77 0 7
42 52 93 0 18
43 14 20 0 3
44 72 47 0 7
45 4 15 0 7
46 19 88 0 5
47 72 88 0 14
48 12 1 0 10
49 17 55 0 1
50 40 18 0 14
51 86 33 0 18
52 21 73 0 3
53 36 81 0 1
54 61 51 0 1
55 60 12 0 7
56 23 26 0 7
57 21 58 0 14
58 59 29 0 15
59 82 22 0 11
60 60 35 0 11
61 6 17 0 1
62 70 69 0 7
63 19 34 0 14
64 3 76 0 15
65 93 66 0 10
66 19 76 0 10
67 91 39 0 7
68 41 67 0 15
69 56 33 0 1
70 3 14 0 15
71 52 47 0 15
72 91 51 0 3
73 37 1 0 3
74 4 70 0 1
75 94 49 0 14
76 5 67 0 3
77 90 16 0 10
78 36 54 0 7
79 21 3 0 18
80 71 8 0 18
81 37 23 0 3
82 87 59 0 5
83 73 16 0 5
84 92 54 0 14
85 22 46 0 1
86 14 47 0 5
87 77 27 0 10
88 92 65 0 3
89 41 65 0 15
90 40 38 0 14
91 17 79 0 3
92 80 67 0 15
93 79 99 0 10
94 97 1 0 5
95 61 45 0 18
96 66 40 0 18
97 63 3 0 14
98 72 98 0 15
99 41 10 0 7
100 8 40 0 7
101 53 19
102 65 65
103 23 42
