6 100 1
0 300
1 90 81 0 11
2 92 11 0 18
3 16 73 0 3
4 3 99 0 11
5 60 56 0 1
6 7 65 0 1
7 71 57 0 3
8 98 65 0 5
9 5 92 0 1
10 66 26 0 1
11 4 78 0 14
12 97 9 0 1
13 52 67 0 5
14 26 39 0 5
15 16 26 0 10
16 4 48 0 10
17 79 74 0 7
18 96 6 0 14
19 43 98 0 14
20 58 35 0 14
21 4 73 0 11
22 87 90 0 5
23 91 59 0 14
24 85 37 0 5
25 90 45 0 10
26 39 25 0 11
27 76 70 0 15
28 81 18 0 7
29 23 97 0 18
30 22 21 0 11
31 36 33 0 18
32 15 90 0 15
33 55 72 0 11
34 87 17 0 7
35 88 24 0 11
36 42 87 0 10
37 96 93 0 3
38 78 96 0 14
39 31 46 0 7
40 32 46 0 18
41 43 76 0 14
42 84 13 0 7
43 22 34 0 1
44 56 30 0 10
45 18 40 0 5
46 25 51 0 3
47 12 37 0 3
48 31 43 0 1
49 89 82 0 5
50 33 4 0 14
51 14 11 0 3
52 45 27 0 3
53 15 61 0 7
54 53 42 0 3
55 31 92 0 11
56 1 48 0 1
57 73 85 0 7
58 6 42 0 15
59 91 58 0 18
60 65 27 0 15
61 84 31 0 11
62 23 95 0 14
63 63 49 0 5
64 15 38 0 15
65 11 16 0 5
66 42 59 0 3
67 9 98 0 7
68 86 3 0 10
69 81 19 0 10
70 9 96 0 18
71 29 33 0 10
72 56 78 0 5
73 53 36 0 1
74 54 24 0 11
75 13 63 0 18
76 55 74 0 10
77 31 0 0 1
78 37 1 0 15
79 46 74 0 3
80 54 78 0 7
81 59 71 0 3
82 95 57 0 10
83 58 29 0 3
84 81 91 0 10
85 15 98 0 10
86 65 43 0 11
87 4 0 0 1
88 10 8 0 1
89 16 35 0 18
90 8 8 0 5
91 44 7 0 7
92 45 58 0 11
93 59 81 0 1
94 77 21 0 11
95 33 51 0 1
96 92 74 0 7
97 22 44 0 10
98 59 67 0 3
99 31 6 0 1
100 19 51 0 7
101 83 12
