2 100 3
0 300
0 300
0 300
1 44 9 0 3
2 61 5 0 1
3 56 53 0 3
4 39 90 0 3
5 53 70 0 3
6 71 20 0 14
7 30 98 0 1
8 1 46 0 7
9 46 85 0 3
10 45 63 0 5
11 47 22 0 3
12 21 25 0 11
13 4 17 0 18
14 61 82 0 15
15 52 27 0 1
16 71 30 0 18
17 38 22 0 15
18 34 3 0 18
19 71 69 0 15
20 59 74 0 15
21 71 52 0 18
22 55 53 0 1
23 76 83 0 1
24 85 78 0 3
25 37 47 0 1
26 39 79 0 3
27 55 96 0 7
28 75 7 0 1
29 64 98 0 15
30 94 49 0 10
31 66 3 0 15
32 34 74 0 11
33 4 93 0 18
34 17 65 0 18
35 48 58 0 11
36 54 3 0 10
37 39 18 0 3
38 92 43 0 14
39 0 62 0 7
40 71 27 0 14
41 45 71 0 5
42 18 23 0 15
43 45 14 0 15
44 80 54 0 11
45 79 76 0 15
46 11 18 0 10
47 15 33 0 5
48 31 41 0 14
49 1 71 0 7
50 78 65 0 18
51 81 87 0 3
52 0 57 0 1
53 96 13 0 5
54 27 47 0 1
55 18 40 0 11
56 42 94 0 5
57 46 77 0 5
58 86 72 0 14
59 6 87 0 14
60 82 14 0 14
61 32 84 0 1
62 1 6 0 11
63 16 65 0 5
64 29 5 0 1
65 69 75 0 5
66 68 7 0 11
67 98 46 0 7
68 2 42 0 18
69 82 73 0 14
70 49 85 0 11
71 4 84 0 5
72 99 19 0 3
73 60 41 0 14
74 7 49 0 14
75 33 7 0 5
76 13 51 0 5
77 96 67 0 3
78 16 84 0 7
79 54 1 0 18
80 52 82 0 15
81 20 47 0 5
82 25 10 0 5
83 21 55 0 5
84 82 40 0 10
85 5 49 0 15
86 6 52 0 1
87 87 71 0 10
88 19 38 0 5
89 70 63 0 3
90 3 20 0 14
91 32 68 0 11
92 94 72 0 18
93 68 7 0 1
94 82 67 0 15
95 33 26 0 1
96 64 22 0 1
97 70 88 0 10
98 17 18 0 5
99 29 7 0 10
100 44 81 0 18
101 61 38
102 63 47
103 71 61
