4 100 3
0 200
0 200
0 200
1 99 91 0 14
2 61 97 0 1
3 31 21 0 7
4 92 47 0 15
5 59 79 0 1
6 76 21 0 10
7 30 3 0 1
8 52 32 0 18
9 60 52 0 11
10 92 54 0 15
11 75 65 0 15
12 94 29 0 15
13 91 85 0 3
14 30 80 0 14
15 96 21 0 18
16 30 84 0 1
17 90 63 0 1
18 65 87 0 14
19 93 18 0 18
20 29 92 0 11
21 77 26 0 10
22 33 98 0 5
23 18 82 0 18
24 79 2 0 14
25 0 66 0 7
26 74 94 0 10
27 56 83 0 10
28 14 79 0 5
29 1 82 0 5
30 55 80 0 11
31 69 15 0 10
32 50 56 0 11
33 57 6 0 10
34 24 26 0 3
35 22 92 0 10
36 78 70 0 18
37 35 9 0 15
38 60 96 0 14
39 72 9 0 5
40 45 52 0 3
41 81 71 0 5
42 14 2 0 3
43 64 74 0 3
44 78 84 0 7
45 94 29 0 10
46 1 74 0 5
47 98 13 0 15
48 24 92 0 10
49 89 45 0 14
50 21 59 0 5
51 1 30 0 14
52 43 38 0 18
53 70 51 0 10
54 10 45 0 15
55 54 81 0 3
56 52 32 0 7
57 69 73 0 18
58 59 23 0 18
59 63 57 0 14
60 78 36 0 11
61 46 76 0 3
62 43 76 0 1
63 41 93 0 15
64 49 39 0 15
65 67 47 0 5
66 90 42 0 7
67 83 37 0 15
68 54 66 0 5
69 3 59 0 15
70 77 69 0 1
71 51 44 0 11
72 65 65 0 10
73 25 69 0 15
74 7 51 0 10
75 32 29 0 1
76 9 89 0 18
77 54 53 0 7
78 42 29 0 15
79 11 59 0 11
80 10 28 0 5
81 75 91 0 5
82 34 0 0 1
83 98 77 0 3
84 86 40 0 3
85 39 54 0 14
86 62 51 0 10
87 24 94 0 10
88 73 45 0 18
89 7 25 0 11
90 32 41 0 1
91 63 41 0 3
92 67 17 0 15
93 39 72 0 10
94 99 7 0 7
95 55 76 0 18
96 44 61 0 14
97 81 0 0 7
98 79 5 0 14
99 59 80 0 18
100 27 50 0 10
101 55 55
102 9 21
103 0 3
