4 100 3
0 200
0 200
0 200
1 39 75 0 15
2 56 43 0 14
3 63 52 0 14
4 68 30 0 5
5 46 45 0 3
6 57 49 0 11
7 93 65 0 5
8 31 19 0 5
9 41 28 0 1
10 33 52 0 11
11 79 77 0 11
12 1 80 0 1
13 63 97 0 10
14 83 4 0 1
15 2 25 0 5
16 93 41 0 7
17 71 26 0 1
18 99 28 0 7
19 87 50 0 7
20 23 75 0 14
21 23 64 0 1
22 35 44 0 5
23 1 26 0 14
24 77 37 0 5
25 99 90 0 5
26 47 16 0 10
27 80 65 0 15
28 17 82 0 14
29 80 94 0 10
30 21 41 0 11
31 49 57 0 3
32 12 14 0 15
33 77 38 0 5
34 74 52 0 7
35 66 60 0 11
36 68 74 0 1
37 3 75 0 7
38 14 12 0 18
39 53 41 0 15
40 79 21 0 7
41 5 86 0 5
42 42 78 0 10
43 66 12 0 11
44 60 62 0 11
45 16 26 0 15
46 67 58 0 15
47 28 34 0 15
48 95 40 0 11
49 78 71 0 7
50 17 7 0 5
51 97 52 0 3
52 84 60 0 18
53 66 87 0 1
54 97 16 0 5
55 56 87 0 1
56 86 81 0 15
57 13 13 0 3
58 19 56 0 14
59 99 18 0 11
60 76 22 0 1
61 2 39 0 10
62 78 96 0 15
63 18 60 0 3
64 93 83 0 1
65 81 85 0 18
66 81 62 0 14
67 15 8 0 3
68 27 44 0 10
69 19 68 0 15
70 65 38 0 10
71 69 66 0 1
72 80 83 0 3
73 33 98 0 5
74 44 48 0 18
75 2 17 0 18
76 20 28 0 15
77 85 33 0 18
78 12 69 0 11
79 66 82 0 15
80 24 60 0 18
81 31 38 0 10
82 10 27 0 10
83 34 71 0 15
84 59 62 0 3
85 99 98 0 15
86 84 51 0 15
87 15 89 0 1
88 37 45 0 3
89 6 40 0 14
90 17 95 0 18
91 6 11 0 15
92 48 22 0 14
93 67 30 0 1
94 26 52 0 10
95 86 14 0 15
96 73 82 0 14
97 98 15 0 14
98 62 13 0 1
99 92 30 0 18
100 80 51 0 7
101 75 27
102 40 73
103 2 79
