9 120 1
0 300
1 90 81 0 14
2 92 11 0 7
3 16 73 0 1
4 3 99 0 10
5 60 56 0 5
6 7 65 0 3
7 71 57 0 3
8 98 65 0 1
9 5 92 0 5
10 66 26 0 14
11 4 78 0 3
12 97 9 0 3
13 52 67 0 7
14 26 39 0 3
15 16 26 0 11
16 4 48 0 1
17 79 74 0 7
18 96 6 0 15
19 43 98 0 18
20 58 35 0 15
21 4 73 0 11
22 87 90 0 14
23 91 59 0 5
24 85 37 0 15
25 90 45 0 5
26 39 25 0 3
27 76 70 0 7
28 81 18 0 10
29 23 97 0 10
30 22 21 0 18
31 36 33 0 10
32 15 90 0 5
33 55 72 0 1
34 87 17 0 11
35 88 24 0 18
36 42 87 0 10
37 96 93 0 1
38 78 96 0 15
39 31 46 0 3
40 32 46 0 7
41 43 76 0 3
42 84 13 0 10
43 22 34 0 3
44 56 30 0 10
45 18 40 0 10
46 25 51 0 11
47 12 37 0 1
48 31 43 0 1
49 89 82 0 18
50 33 4 0 5
51 14 11 0 7
52 45 27 0 11
53 15 61 0 1
54 53 42 0 11
55 31 92 0 1
56 1 48 0 7
57 73 85 0 10
58 6 42 0 3
59 91 58 0 1
60 65 27 0 7
61 84 31 0 7
62 23 95 0 10
63 63 49 0 15
64 15 38 0 3
65 11 16 0 10
66 42 59 0 11
67 9 98 0 14
68 86 3 0 15
69 81 19 0 15
70 9 96 0 14
71 29 33 0 7
72 56 78 0 1
73 53 36 0 7
74 54 24 0 7
75 13 63 0 5
76 55 74 0 14
77 31 0 0 5
78 37 1 0 5
79 46 74 0 1
80 54 78 0 14
81 59 71 0 10
82 95 57 0 11
83 58 29 0 5
84 81 91 0 11
85 15 98 0 3
86 65 43 0 1
87 4 0 0 10
88 10 8 0 5
89 16 35 0 11
90 8 8 0 14
91 44 7 0 1
92 45 58 0 7
93 59 81 0 7
94 77 21 0 7
95 33 51 0 7
96 92 74 0 1
97 22 44 0 5
98 59 67 0 1
99 31 6 0 11
100 19 51 0 1
101 15 63 0 5
102 81 49 0 1
103 76 85 0 15
104 81 2 0 1
105 95 63 0 11
106 0 62 0 7
107 15 96 0 1
108 89 17 0 3
109 12 53 0 18
110 36 71 0 11
111 3 87 0 14
112 54 50 0 10
113 18 53 0 1
114 83 98 0 11
115 17 29 0 7
116 60 78 0 10
117 8 31 0 14
118 10 95 0 7
119 32 80 0 15
120 77 54 0 5
121 83 12
