3 120 3
0 300
0 300
0 300
1 39 75 0 5
2 56 43 0 10
3 63 52 0 11
4 68 30 0 11
5 46 45 0 15
6 57 49 0 15
7 93 65 0 15
8 31 19 0 11
9 41 28 0 7
10 33 52 0 5
11 79 77 0 3
12 1 80 0 18
13 63 97 0 1
14 83 4 0 5
15 2 25 0 1
16 93 41 0 15
17 71 26 0 3
18 99 28 0 14
19 87 50 0 11
20 23 75 0 1
21 23 64 0 10
22 35 44 0 15
23 1 26 0 3
24 77 37 0 1
25 99 90 0 18
26 47 16 0 14
27 80 65 0 3
28 17 82 0 10
29 80 94 0 15
30 21 41 0 10
31 49 57 0 1
32 12 14 0 3
33 77 38 0 5
34 74 52 0 18
35 66 60 0 18
36 68 74 0 15
37 3 75 0 18
38 14 12 0 11
39 53 41 0 15
40 79 21 0 18
41 5 86 0 10
42 42 78 0 10
43 66 12 0 15
44 60 62 0 3
45 16 26 0 15
46 67 58 0 15
47 28 34 0 1
48 95 40 0 3
49 78 71 0 14
50 17 7 0 18
51 97 52 0 15
52 84 60 0 14
53 66 87 0 1
54 97 16 0 10
55 56 87 0 15
56 86 81 0 14
57 13 13 0 14
58 19 56 0 1
59 99 18 0 18
60 76 22 0 7
61 2 39 0 11
62 78 96 0 15
63 18 60 0 14
64 93 83 0 10
65 81 85 0 14
66 81 62 0 11
67 15 8 0 14
68 27 44 0 10
69 19 68 0 15
70 65 38 0 14
71 69 66 0 3
72 80 83 0 14
73 33 98 0 7
74 44 48 0 3
75 2 17 0 3
76 20 28 0 18
77 85 33 0 11
78 12 69 0 11
79 66 82 0 15
80 24 60 0 11
81 31 38 0 14
82 10 27 0 3
83 34 71 0 1
84 59 62 0 3
85 99 98 0 5
86 84 51 0 3
87 15 89 0 3
88 37 45 0 15
89 6 40 0 5
90 17 95 0 11
91 6 11 0 15
92 48 22 0 7
93 67 30 0 3
94 26 52 0 14
95 86 14 0 3
96 73 82 0 1
97 98 15 0 10
98 62 13 0 1
99 92 30 0 7
100 80 51 0 15
101 46 48 0 7
102 58 73 0 14
103 58 65 0 3
104 5 86 0 1
105 93 91 0 18
106 86 13 0 5
107 31 94 0 14
108 11 95 0 15
109 10 14 0 14
110 74 14 0 3
111 38 86 0 5
112 89 97 0 11
113 39 11 0 5
114 99 39 0 11
115 29 62 0 11
116 15 82 0 3
117 81 10 0 10
118 8 45 0 3
119 71 48 0 1
120 24 51 0 3
121 75 27
122 40 73
123 2 79
