3 120 3
0 300
0 300
0 300
1 20 62 0 7
2 36 85 0 18
3 85 55 0 3
4 28 20 0 7
5 44 35 0 7
6 72 7 0 5
7 96 10 0 14
8 88 41 0 10
9 75 69 0 1
10 52 59 0 14
11 87 62 0 18
12 76 11 0 3
13 85 67 0 1
14 62 56 0 1
15 74 95 0 7
16 38 22 0 7
17 37 19 0 14
18 74 25 0 15
19 23 93 0 11
20 95 55 0 11
21 41 43 0 1
22 73 3 0 7
23 9 89 0 14
24 99 47 0 15
25 10 51 0 10
26 26 49 0 10
27 74 72 0 7
28 44 55 0 15
29 63 10 0 1
30 33 51 0 15
31 21 28 0 15
32 66 78 0 3
33 50 30 0 3
34 77 22 0 1
35 38 97 0 14
36 59 53 0 3
37 66 37 0 10
38 92 9 0 7
39 36 41 0 18
40 29 37 0 18
41 80 77 0 3
42 52 93 0 5
43 14 20 0 5
44 72 47 0 14
45 4 15 0 1
46 19 88 0 5
47 72 88 0 10
48 12 1 0 3
49 17 55 0 15
50 40 18 0 14
51 86 33 0 3
52 21 73 0 15
53 36 81 0 10
54 61 51 0 5
55 60 12 0 18
56 23 26 0 18
57 21 58 0 14
58 59 29 0 15
59 82 22 0 7
60 60 35 0 7
61 6 17 0 18
62 70 69 0 11
63 19 34 0 15
64 3 76 0 5
65 93 66 0 15
66 19 76 0 5
67 91 39 0 5
68 41 67 0 7
69 56 33 0 7
70 3 14 0 5
71 52 47 0 3
72 91 51 0 15
73 37 1 0 10
74 4 70 0 7
75 94 49 0 5
76 5 67 0 1
77 90 16 0 11
78 36 54 0 3
79 21 3 0 18
80 71 8 0 3
81 37 23 0 3
82 87 59 0 1
83 73 16 0 10
84 92 54 0 18
85 22 46 0 5
86 14 47 0 15
87 77 27 0 15
88 92 65 0 3
89 41 65 0 3
90 40 38 0 5
91 17 79 0 1
92 80 67 0 14
93 79 99 0 11
94 97 1 0 5
95 61 45 0 3
96 66 40 0 5
97 63 3 0 1
98 72 98 0 7
99 41 10 0 1
100 8 40 0 5
101 49 55 0 1
102 56 87 0 11
103 40 64 0 1
104 23 99 0 5
105 69 43 0 10
106 82 67 0 10
107 58 35 0 15
108 56 53 0 11
109 20 50 0 11
110 60 20 0 10
111 58 33 0 18
112 8 20 0 14
113 10 61 0 10
114 80 95 0 18
115 99 69 0 5
116 74 41 0 3
117 91 30 0 5
118 36 33 0 7
119 16 11 0 14
120 39 90 0 18
121 53 19
122 65 65
123 23 42
