3 120 3
0 300
0 300
0 300
1 69 96 0 7
2 61 33 0 5
3 54 44 0 3
4 70 55 0 15
5 69 98 0 11
6 29 48 0 5
7 61 49 0 1
8 45 5 0 10
9 6 5 0 10
10 1 3 0 14
11 12 4 0 1
12 3 71 0 11
13 80 83 0 3
14 76 66 0 10
15 72 22 0 18
16 95 46 0 5
17 93 65 0 5
18 89 89 0 10
19 39 35 0 15
20 57 47 0 10
21 57 75 0 7
22 10 47 0 14
23 10 98 0 15
24 14 59 0 15
25 36 78 0 1
26 50 44 0 18
27 86 95 0 15
28 13 1 0 18
29 54 65 0 14
30 61 96 0 11
31 72 26 0 18
32 15 88 0 15
33 97 26 0 7
34 17 67 0 18
35 14 37 0 14
36 0 63 0 3
37 32 22 0 18
38 18 32 0 11
39 73 52 0 3
40 93 32 0 5
41 35 98 0 3
42 2 30 0 3
43 18 98 0 15
44 76 33 0 3
45 28 65 0 10
46 33 65 0 18
47 24 19 0 7
48 48 79 0 3
49 92 61 0 18
50 20 76 0 15
51 69 71 0 1
52 33 43 0 18
53 73 70 0 7
54 83 20 0 11
55 81 30 0 5
56 48 26 0 7
57 35 83 0 10
58 92 67 0 7
59 12 31 0 11
60 84 36 0 3
61 9 61 0 10
62 5 49 0 14
63 43 50 0 3
64 38 42 0 14
65 19 16 0 15
66 66 95 0 3
67 10 2 0 1
68 22 97 0 10
69 94 1 0 18
70 62 56 0 11
71 94 35 0 15
72 66 25 0 5
73 3 55 0 15
74 25 46 0 3
75 38 9 0 11
76 79 84 0 3
77 88 56 0 14
78 2 10 0 18
79 44 44 0 1
80 4 80 0 7
81 12 48 0 14
82 2 64 0 11
83 50 84 0 7
84 58 10 0 5
85 97 6 0 7
86 74 15 0 10
87 76 62 0 10
88 63 38 0 11
89 95 98 0 18
90 44 34 0 18
91 57 82 0 15
92 96 95 0 15
93 73 55 0 7
94 13 11 0 3
95 83 4 0 3
96 47 90 0 7
97 6 15 0 11
98 0 77 0 15
99 60 80 0 7
100 43 33 0 3
101 91 17 0 11
102 17 84 0 10
103 96 24 0 3
104 2 52 0 5
105 49 64 0 3
106 76 55 0 11
107 17 46 0 7
108 73 58 0 7
109 15 46 0 14
110 40 28 0 11
111 75 69 0 11
112 92 91 0 14
113 48 9 0 14
114 66 76 0 3
115 79 80 0 10
116 77 60 0 15
117 53 74 0 15
118 0 74 0 15
119 63 63 0 1
120 36 64 0 14
121 45 48
122 31 61
123 21 41
