3 120 3
0 300
0 300
0 300
1 77 74 0 10
2 59 88 0 7
3 45 79 0 18
4 14 40 0 3
5 5 45 0 1
6 17 94 0 15
7 84 87 0 18
8 64 21 0 15
9 94 1 0 3
10 18 18 0 5
11 29 59 0 10
12 12 11 0 14
13 26 80 0 3
14 13 5 0 1
15 6 25 0 14
16 36 0 0 11
17 26 50 0 15
18 58 42 0 10
19 44 17 0 11
20 75 37 0 10
21 15 37 0 15
22 43 96 0 11
23 76 29 0 3
24 42 94 0 14
25 82 62 0 14
26 32 91 0 3
27 71 27 0 3
28 85 53 0 5
29 13 27 0 10
30 12 8 0 1
31 51 14 0 7
32 76 72 0 14
33 60 91 0 1
34 27 50 0 14
35 80 67 0 1
36 56 91 0 11
37 61 83 0 18
38 6 6 0 14
39 4 52 0 7
40 92 6 0 7
41 69 5 0 11
42 16 32 0 15
43 29 64 0 3
44 8 99 0 10
45 57 67 0 7
46 16 77 0 11
47 38 25 0 10
48 58 70 0 3
49 55 32 0 3
50 59 30 0 5
51 33 31 0 18
52 79 15 0 5
53 71 75 0 10
54 16 12 0 18
55 16 7 0 14
56 91 94 0 11
57 43 96 0 3
58 64 0 0 15
59 4 25 0 5
60 0 27 0 7
61 63 48 0 7
62 40 53 0 11
63 95 50 0 10
64 75 37 0 7
65 12 59 0 1
66 73 79 0 14
67 2 43 0 14
68 1 50 0 11
69 52 66 0 10
70 32 42 0 1
71 62 1 0 10
72 74 98 0 11
73 14 98 0 1
74 57 99 0 7
75 93 7 0 18
76 87 51 0 14
77 62 31 0 14
78 9 54 0 1
79 63 75 0 18
80 8 1 0 1
81 73 39 0 14
82 49 37 0 5
83 50 58 0 11
84 3 68 0 10
85 55 73 0 7
86 24 86 0 11
87 83 24 0 14
88 93 56 0 10
89 94 95 0 11
90 57 58 0 18
91 65 82 0 14
92 4 50 0 14
93 97 14 0 5
94 21 55 0 7
95 68 76 0 15
96 52 61 0 18
97 27 97 0 15
98 17 82 0 15
99 77 93 0 7
100 94 33 0 7
101 85 13 0 3
102 84 19 0 1
103 16 16 0 1
104 98 64 0 14
105 15 12 0 14
106 55 39 0 3
107 63 81 0 5
108 18 4 0 15
109 55 83 0 5
110 80 49 0 5
111 36 65 0 5
112 84 6 0 3
113 45 87 0 18
114 88 96 0 10
115 69 99 0 18
116 1 59 0 3
117 57 84 0 11
118 59 82 0 1
119 6 44 0 18
120 68 82 0 18
121 0 10
122 28 2
123 47 6
