3 120 3
0 300
0 300
0 300
1 26 95 0 14
2 38 41 0 7
3 95 56 0 18
4 13 20 0 18
5 51 48 0 10
6 51 34 0 18
7 44 63 0 11
8 69 82 0 5
9 91 73 0 5
10 44 7 0 15
11 91 78 0 15
12 97 59 0 5
13 62 66 0 14
14 88 81 0 7
15 72 40 0 14
16 24 58 0 11
17 82 48 0 11
18 93 16 0 3
19 77 60 0 18
20 16 72 0 18
21 21 84 0 7
22 77 5 0 18
23 75 57 0 1
24 73 74 0 7
25 42 30 0 10
26 39 32 0 1
27 5 69 0 14
28 28 62 0 1
29 37 85 0 1
30 53 3 0 1
31 49 42 0 18
32 23 92 0 1
33 59 34 0 18
34 0 95 0 15
35 11 54 0 18
36 80 7 0 5
37 66 97 0 1
38 29 33 0 3
39 4 0 0 11
40 36 88 0 18
41 50 12 0 5
42 82 55 0 5
43 96 1 0 10
44 4 55 0 14
45 10 7 0 11
46 85 8 0 14
47 10 64 0 7
48 66 97 0 5
49 34 54 0 14
50 19 61 0 15
51 58 27 0 5
52 87 47 0 3
53 40 33 0 18
54 40 42 0 14
55 62 85 0 3
56 51 94 0 11
57 34 70 0 18
58 3 75 0 14
59 62 68 0 15
60 9 90 0 5
61 29 47 0 11
62 82 3 0 10
63 85 23 0 18
64 3 23 0 15
65 10 88 0 7
66 75 16 0 7
67 69 72 0 11
68 52 76 0 1
69 7 85 0 10
70 84 51 0 5
71 45 41 0 14
72 47 21 0 7
73 64 59 0 15
74 47 99 0 10
75 47 10 0 7
76 55 8 0 7
77 9 28 0 1
78 10 11 0 1
79 39 54 0 1
80 47 57 0 7
81 52 91 0 5
82 55 53 0 11
83 52 51 0 10
84 42 43 0 11
85 93 47 0 7
86 88 70 0 7
87 98 93 0 1
88 13 14 0 5
89 6 4 0 10
90 38 19 0 10
91 59 20 0 5
92 81 99 0 10
93 72 64 0 10
94 2 14 0 15
95 38 74 0 14
96 57 64 0 15
97 5 86 0 11
98 14 72 0 5
99 81 47 0 7
100 80 71 0 7
101 46 1 0 7
102 18 47 0 15
103 81 64 0 1
104 46 25 0 7
105 79 55 0 15
106 82 65 0 10
107 41 90 0 10
108 34 0 0 14
109 65 18 0 18
110 23 1 0 15
111 8 42 0 1
112 19 66 0 5
113 17 94 0 11
114 94 42 0 15
115 50 63 0 7
116 47 2 0 15
117 14 30 0 18
118 73 54 0 15
119 6 7 0 1
120 88 83 0 10
121 65 30
122 47 77
123 91 93
