3 120 3
0 300
0 300
0 300
1 44 9 0 5
2 61 5 0 15
3 56 53 0 15
4 39 90 0 11
5 53 70 0 15
6 71 20 0 10
7 30 98 0 5
8 1 46 0 14
9 46 85 0 7
10 45 63 0 18
11 47 22 0 3
12 21 25 0 1
13 4 17 0 5
14 61 82 0 1
15 52 27 0 11
16 71 30 0 5
17 38 22 0 5
18 34 3 0 14
19 71 69 0 14
20 59 74 0 14
21 71 52 0 1
22 55 53 0 11
23 76 83 0 5
24 85 78 0 1
25 37 47 0 5
26 39 79 0 11
27 55 96 0 7
28 75 7 0 18
29 64 98 0 14
30 94 49 0 11
31 66 3 0 5
32 34 74 0 3
33 4 93 0 14
34 17 65 0 14
35 48 58 0 5
36 54 3 0 5
37 39 18 0 3
38 92 43 0 7
39 0 62 0 18
40 71 27 0 15
41 45 71 0 5
42 18 23 0 5
43 45 14 0 5
44 80 54 0 10
45 79 76 0 15
46 11 18 0 1
47 15 33 0 10
48 31 41 0 5
49 1 71 0 3
50 78 65 0 14
51 81 87 0 11
52 0 57 0 18
53 96 13 0 1
54 27 47 0 15
55 18 40 0 1
56 42 94 0 1
57 46 77 0 10
58 86 72 0 5
59 6 87 0 10
60 82 14 0 18
61 32 84 0 10
62 1 6 0 7
63 16 65 0 15
64 29 5 0 15
65 69 75 0 1
66 68 7 0 5
67 98 46 0 3
68 2 42 0 1
69 82 73 0 15
70 49 85 0 1
71 4 84 0 1
72 99 19 0 3
73 60 41 0 18
74 7 49 0 7
75 33 7 0 11
76 13 51 0 14
77 96 67 0 3
78 16 84 0 11
79 54 1 0 11
80 52 82 0 10
81 20 47 0 14
82 25 10 0 11
83 21 55 0 14
84 82 40 0 3
85 5 49 0 1
86 6 52 0 5
87 87 71 0 11
88 19 38 0 15
89 70 63 0 15
90 3 20 0 15
91 32 68 0 7
92 94 72 0 14
93 68 7 0 3
94 82 67 0 1
95 33 26 0 11
96 64 22 0 11
97 70 88 0 11
98 17 18 0 1
99 29 7 0 11
100 44 81 0 7
101 68 33 0 14
102 43 28 0 18
103 9 36 0 3
104 53 24 0 7
105 12 64 0 11
106 57 34 0 18
107 63 96 0 15
108 52 15 0 14
109 96 85 0 11
110 45 27 0 3
111 28 93 0 5
112 76 24 0 7
113 51 60 0 1
114 63 47 0 15
115 23 48 0 14
116 36 33 0 7
117 25 25 0 10
118 26 69 0 7
119 7 2 0 5
120 92 67 0 1
121 61 38
122 63 47
123 71 61
