9 120 1
0 300
1 9 21 0 15
2 0 3 0 14
3 99 91 0 5
4 61 97 0 3
5 31 21 0 5
6 92 47 0 3
7 59 79 0 3
8 76 21 0 7
9 30 3 0 10
10 52 32 0 5
11 60 52 0 15
12 92 54 0 10
13 75 65 0 14
14 94 29 0 5
15 91 85 0 14
16 30 80 0 18
17 96 21 0 10
18 30 84 0 15
19 90 63 0 3
20 65 87 0 7
21 93 18 0 18
22 29 92 0 18
23 77 26 0 14
24 33 98 0 11
25 18 82 0 3
26 79 2 0 1
27 0 66 0 15
28 74 94 0 15
29 56 83 0 5
30 14 79 0 7
31 1 82 0 15
32 55 80 0 5
33 69 15 0 15
34 50 56 0 1
35 57 6 0 11
36 24 26 0 10
37 22 92 0 15
38 78 70 0 10
39 35 9 0 1
40 60 96 0 18
41 72 9 0 7
42 45 52 0 15
43 81 71 0 11
44 14 2 0 5
45 64 74 0 5
46 78 84 0 1
47 94 29 0 3
48 1 74 0 3
49 98 13 0 14
50 24 92 0 10
51 89 45 0 10
52 21 59 0 18
53 1 30 0 11
54 43 38 0 1
55 70 51 0 3
56 10 45 0 15
57 54 81 0 10
58 52 32 0 7
59 69 73 0 18
60 59 23 0 14
61 63 57 0 7
62 78 36 0 14
63 46 76 0 18
64 43 76 0 10
65 41 93 0 15
66 49 39 0 5
67 67 47 0 5
68 90 42 0 14
69 83 37 0 11
70 54 66 0 3
71 3 59 0 7
72 77 69 0 3
73 51 44 0 7
74 65 65 0 7
75 25 69 0 14
76 7 51 0 18
77 32 29 0 15
78 9 89 0 5
79 54 53 0 14
80 42 29 0 14
81 11 59 0 10
82 10 28 0 14
83 75 91 0 3
84 34 0 0 5
85 98 77 0 14
86 86 40 0 14
87 39 54 0 1
88 62 51 0 5
89 24 94 0 15
90 73 45 0 15
91 7 25 0 1
92 32 41 0 11
93 63 41 0 10
94 67 17 0 11
95 39 72 0 1
96 99 7 0 7
97 55 76 0 14
98 44 61 0 7
99 81 0 0 11
100 79 5 0 7
101 59 80 0 10
102 27 50 0 15
103 1 46 0 1
104 78 74 0 3
105 63 45 0 10
106 29 90 0 7
107 64 67 0 3
108 74 35 0 1
109 46 97 0 18
110 94 0 0 1
111 7 35 0 18
112 62 23 0 1
113 74 5 0 18
114 43 82 0 1
115 37 37 0 11
116 60 88 0 15
117 61 51 0 14
118 48 7 0 11
119 30 99 0 14
120 16 73 0 10
121 55 55
