9 120 1
0 300
1 65 65 0 3
2 23 42 0 15
3 20 62 0 10
4 36 85 0 18
5 85 55 0 7
6 28 20 0 18
7 44 35 0 3
8 72 7 0 7
9 96 10 0 7
10 88 41 0 5
11 75 69 0 14
12 52 59 0 10
13 87 62 0 1
14 76 11 0 14
15 85 67 0 18
16 62 56 0 3
17 74 95 0 1
18 38 22 0 1
19 37 19 0 7
20 74 25 0 7
21 23 93 0 14
22 95 55 0 15
23 41 43 0 11
24 73 3 0 11
25 9 89 0 1
26 99 47 0 7
27 10 51 0 14
28 26 49 0 15
29 74 72 0 10
30 44 55 0 10
31 63 10 0 7
32 33 51 0 15
33 21 28 0 1
34 66 78 0 15
35 50 30 0 15
36 77 22 0 3
37 38 97 0 3
38 59 53 0 1
39 66 37 0 14
40 92 9 0 3
41 36 41 0 10
42 29 37 0 7
43 80 77 0 18
44 52 93 0 18
45 14 20 0 3
46 72 47 0 5
47 4 15 0 5
48 19 88 0 14
49 72 88 0 1
50 12 1 0 5
51 17 55 0 10
52 40 18 0 3
53 86 33 0 15
54 21 73 0 14
55 36 81 0 3
56 61 51 0 15
57 60 12 0 10
58 23 26 0 5
59 21 58 0 18
60 59 29 0 18
61 82 22 0 14
62 60 35 0 15
63 6 17 0 7
64 70 69 0 7
65 19 34 0 18
66 3 76 0 11
67 93 66 0 15
68 19 76 0 5
69 91 39 0 15
70 41 67 0 5
71 56 33 0 5
72 3 14 0 7
73 52 47 0 7
74 91 51 0 5
75 37 1 0 3
76 4 70 0 15
77 94 49 0 10
78 5 67 0 7
79 90 16 0 5
80 36 54 0 1
81 21 3 0 11
82 71 8 0 3
83 37 23 0 18
84 87 59 0 3
85 73 16 0 3
86 92 54 0 1
87 22 46 0 10
88 14 47 0 18
89 77 27 0 5
90 92 65 0 15
91 41 65 0 15
92 40 38 0 3
93 17 79 0 3
94 80 67 0 5
95 79 99 0 1
96 97 1 0 14
97 61 45 0 11
98 66 40 0 5
99 63 3 0 3
100 72 98 0 5
101 41 10 0 1
102 8 40 0 7
103 49 55 0 1
104 56 87 0 5
105 40 64 0 1
106 23 99 0 11
107 69 43 0 1
108 82 67 0 5
109 58 35 0 10
110 56 53 0 10
111 20 50 0 15
112 60 20 0 11
113 58 33 0 11
114 8 20 0 10
115 10 61 0 18
116 80 95 0 14
117 99 69 0 10
118 74 41 0 18
119 91 30 0 5
120 36 33 0 3
121 53 19
