9 120 1
0 300
1 47 77 0 18
2 91 93 0 1
3 26 95 0 5
4 38 41 0 18
5 95 56 0 14
6 13 20 0 7
7 51 48 0 18
8 51 34 0 18
9 44 63 0 10
10 69 82 0 18
11 91 73 0 11
12 44 7 0 5
13 91 78 0 5
14 97 59 0 15
15 62 66 0 15
16 88 81 0 5
17 72 40 0 14
18 24 58 0 7
19 82 48 0 14
20 93 16 0 11
21 77 60 0 11
22 16 72 0 3
23 21 84 0 18
24 77 5 0 18
25 75 57 0 7
26 73 74 0 18
27 42 30 0 1
28 39 32 0 7
29 5 69 0 10
30 28 62 0 1
31 37 85 0 14
32 53 3 0 1
33 49 42 0 1
34 23 92 0 1
35 59 34 0 18
36 0 95 0 1
37 11 54 0 18
38 80 7 0 15
39 66 97 0 18
40 29 33 0 5
41 4 0 0 1
42 36 88 0 3
43 50 12 0 11
44 82 55 0 18
45 96 1 0 5
46 4 55 0 5
47 10 7 0 10
48 85 8 0 14
49 10 64 0 11
50 66 97 0 14
51 34 54 0 7
52 19 61 0 5
53 58 27 0 14
54 87 47 0 15
55 40 33 0 5
56 40 42 0 3
57 62 85 0 18
58 51 94 0 14
59 34 70 0 3
60 3 75 0 11
61 62 68 0 18
62 9 90 0 14
63 29 47 0 15
64 82 3 0 5
65 85 23 0 11
66 3 23 0 10
67 10 88 0 18
68 75 16 0 15
69 69 72 0 7
70 52 76 0 7
71 7 85 0 11
72 84 51 0 1
73 45 41 0 10
74 47 21 0 5
75 64 59 0 14
76 47 99 0 7
77 47 10 0 15
78 55 8 0 10
79 9 28 0 7
80 10 11 0 7
81 39 54 0 1
82 47 57 0 1
83 52 91 0 1
84 55 53 0 7
85 52 51 0 5
86 42 43 0 11
87 93 47 0 10
88 88 70 0 11
89 98 93 0 7
90 13 14 0 7
91 6 4 0 1
92 38 19 0 5
93 59 20 0 10
94 81 99 0 10
95 72 64 0 5
96 2 14 0 10
97 38 74 0 10
98 57 64 0 15
99 5 86 0 14
100 14 72 0 15
101 81 47 0 11
102 80 71 0 5
103 46 1 0 7
104 18 47 0 7
105 81 64 0 7
106 46 25 0 15
107 79 55 0 1
108 82 65 0 7
109 41 90 0 15
110 34 0 0 10
111 65 18 0 10
112 23 1 0 14
113 8 42 0 18
114 19 66 0 15
115 17 94 0 1
116 94 42 0 5
117 50 63 0 11
118 47 2 0 15
119 14 30 0 7
120 73 54 0 15
121 65 30
