3 120 3
0 300
0 300
0 300
1 67 74 0 15
2 56 16 0 11
3 33 46 0 11
4 63 76 0 1
5 21 78 0 18
6 86 60 0 15
7 36 25 0 3
8 16 28 0 10
9 38 83 0 5
10 61 39 0 14
11 18 83 0 3
12 21 42 0 5
13 49 3 0 11
14 88 9 0 14
15 77 69 0 7
16 32 24 0 1
17 88 29 0 11
18 94 50 0 15
19 97 84 0 3
20 35 41 0 14
21 52 81 0 1
22 53 28 0 10
23 47 44 0 18
24 95 71 0 14
25 15 16 0 3
26 23 77 0 15
27 53 35 0 11
28 62 82 0 11
29 51 69 0 18
30 43 62 0 18
31 85 40 0 14
32 34 34 0 3
33 63 24 0 5
34 96 76 0 10
35 6 33 0 10
36 93 32 0 14
37 3 81 0 15
38 10 38 0 3
39 36 23 0 14
40 96 77 0 18
41 28 47 0 14
42 32 37 0 3
43 69 43 0 5
44 66 42 0 5
45 10 99 0 18
46 98 25 0 15
47 34 20 0 11
48 77 74 0 11
49 66 34 0 11
50 52 82 0 11
51 64 97 0 15
52 71 13 0 3
53 9 80 0 5
54 41 30 0 5
55 76 37 0 1
56 12 29 0 1
57 44 34 0 1
58 62 36 0 10
59 99 68 0 14
60 24 22 0 14
61 29 80 0 11
62 31 52 0 5
63 88 35 0 14
64 46 24 0 14
65 92 67 0 1
66 43 27 0 14
67 90 76 0 10
68 65 76 0 11
69 92 68 0 11
70 6 32 0 5
71 32 99 0 10
72 74 21 0 15
73 70 26 0 11
74 96 35 0 5
75 66 83 0 7
76 85 38 0 3
77 94 57 0 15
78 41 2 0 14
79 59 54 0 14
80 43 34 0 18
81 95 35 0 3
82 31 33 0 10
83 37 20 0 18
84 96 96 0 18
85 17 18 0 18
86 58 64 0 3
87 32 3 0 10
88 96 38 0 18
89 87 27 0 18
90 35 72 0 1
91 53 40 0 1
92 37 81 0 18
93 74 56 0 5
94 93 56 0 7
95 96 44 0 10
96 95 59 0 3
97 16 27 0 10
98 0 70 0 5
99 74 98 0 5
100 16 42 0 14
101 7 82 0 14
102 43 21 0 14
103 40 66 0 14
104 92 29 0 3
105 51 14 0 11
106 64 57 0 11
107 68 79 0 11
108 68 56 0 11
109 4 44 0 3
110 22 52 0 15
111 21 49 0 15
112 11 83 0 7
113 24 23 0 11
114 93 60 0 10
115 11 19 0 18
116 48 2 0 7
117 81 79 0 14
118 9 55 0 10
119 90 23 0 10
120 7 32 0 3
121 57 55
122 98 60
123 23 44
