9 120 1
0 300
1 31 61 0 11
2 21 41 0 11
3 69 96 0 11
4 61 33 0 14
5 54 44 0 7
6 70 55 0 5
7 69 98 0 3
8 29 48 0 15
9 61 49 0 11
10 45 5 0 5
11 6 5 0 1
12 1 3 0 10
13 12 4 0 10
14 3 71 0 14
15 80 83 0 1
16 76 66 0 11
17 72 22 0 3
18 95 46 0 10
19 93 65 0 18
20 89 89 0 5
21 39 35 0 5
22 57 47 0 10
23 57 75 0 15
24 10 47 0 10
25 10 98 0 7
26 14 59 0 14
27 36 78 0 15
28 50 44 0 15
29 86 95 0 1
30 13 1 0 18
31 54 65 0 15
32 61 96 0 18
33 72 26 0 14
34 15 88 0 11
35 97 26 0 18
36 17 67 0 15
37 14 37 0 7
38 0 63 0 18
39 32 22 0 14
40 18 32 0 3
41 73 52 0 18
42 93 32 0 11
43 35 98 0 3
44 2 30 0 5
45 18 98 0 3
46 76 33 0 3
47 28 65 0 15
48 33 65 0 3
49 24 19 0 10
50 48 79 0 18
51 92 61 0 7
52 20 76 0 3
53 69 71 0 18
54 33 43 0 15
55 73 70 0 1
56 83 20 0 18
57 81 30 0 7
58 48 26 0 11
59 35 83 0 5
60 92 67 0 7
61 12 31 0 10
62 84 36 0 7
63 9 61 0 11
64 5 49 0 3
65 43 50 0 10
66 38 42 0 14
67 19 16 0 3
68 66 95 0 14
69 10 2 0 15
70 22 97 0 3
71 94 1 0 1
72 62 56 0 10
73 94 35 0 18
74 66 25 0 11
75 3 55 0 15
76 25 46 0 5
77 38 9 0 15
78 79 84 0 3
79 88 56 0 11
80 2 10 0 3
81 44 44 0 14
82 4 80 0 18
83 12 48 0 1
84 2 64 0 7
85 50 84 0 14
86 58 10 0 11
87 97 6 0 7
88 74 15 0 5
89 76 62 0 7
90 63 38 0 10
91 95 98 0 10
92 44 34 0 11
93 57 82 0 18
94 96 95 0 18
95 73 55 0 15
96 13 11 0 15
97 83 4 0 7
98 47 90 0 3
99 6 15 0 3
100 0 77 0 7
101 60 80 0 11
102 43 33 0 15
103 91 17 0 7
104 17 84 0 3
105 96 24 0 11
106 2 52 0 10
107 49 64 0 3
108 76 55 0 5
109 17 46 0 3
110 73 58 0 11
111 15 46 0 7
112 40 28 0 7
113 75 69 0 14
114 92 91 0 11
115 48 9 0 11
116 66 76 0 14
117 79 80 0 14
118 77 60 0 3
119 53 74 0 10
120 0 74 0 15
121 45 48
