3 120 3
0 300
0 300
0 300
1 99 91 0 5
2 61 97 0 3
3 31 21 0 3
4 92 47 0 7
5 59 79 0 10
6 76 21 0 5
7 30 3 0 15
8 52 32 0 10
9 60 52 0 14
10 92 54 0 5
11 75 65 0 14
12 94 29 0 18
13 91 85 0 10
14 30 80 0 15
15 96 21 0 3
16 30 84 0 7
17 90 63 0 18
18 65 87 0 18
19 93 18 0 14
20 29 92 0 11
21 77 26 0 3
22 33 98 0 1
23 18 82 0 15
24 79 2 0 15
25 0 66 0 5
26 74 94 0 7
27 56 83 0 15
28 14 79 0 5
29 1 82 0 15
30 55 80 0 1
31 69 15 0 11
32 50 56 0 10
33 57 6 0 15
34 24 26 0 10
35 22 92 0 1
36 78 70 0 18
37 35 9 0 7
38 60 96 0 15
39 72 9 0 11
40 45 52 0 5
41 81 71 0 5
42 14 2 0 1
43 64 74 0 3
44 78 84 0 3
45 94 29 0 14
46 1 74 0 10
47 98 13 0 10
48 24 92 0 18
49 89 45 0 11
50 21 59 0 1
51 1 30 0 3
52 43 38 0 15
53 70 51 0 10
54 10 45 0 7
55 54 81 0 18
56 52 32 0 14
57 69 73 0 7
58 59 23 0 14
59 63 57 0 18
60 78 36 0 10
61 46 76 0 15
62 43 76 0 5
63 41 93 0 5
64 49 39 0 14
65 67 47 0 11
66 90 42 0 3
67 83 37 0 7
68 54 66 0 3
69 3 59 0 7
70 77 69 0 7
71 51 44 0 14
72 65 65 0 18
73 25 69 0 15
74 7 51 0 5
75 32 29 0 14
76 9 89 0 14
77 54 53 0 10
78 42 29 0 14
79 11 59 0 3
80 10 28 0 5
81 75 91 0 14
82 34 0 0 14
83 98 77 0 1
84 86 40 0 5
85 39 54 0 15
86 62 51 0 15
87 24 94 0 1
88 73 45 0 11
89 7 25 0 10
90 32 41 0 11
91 63 41 0 1
92 67 17 0 7
93 39 72 0 14
94 99 7 0 7
95 55 76 0 11
96 44 61 0 7
97 81 0 0 10
98 79 5 0 15
99 59 80 0 1
100 27 50 0 3
101 1 46 0 10
102 78 74 0 7
103 63 45 0 3
104 29 90 0 1
105 64 67 0 18
106 74 35 0 1
107 46 97 0 18
108 94 0 0 1
109 7 35 0 18
110 62 23 0 1
111 74 5 0 11
112 43 82 0 15
113 37 37 0 14
114 60 88 0 11
115 61 51 0 14
116 48 7 0 10
117 30 99 0 5
118 16 73 0 15
119 32 66 0 7
120 72 85 0 7
121 55 55
122 9 21
123 0 3
