9 120 1
0 300
1 94 29 0 10
2 51 64 0 1
3 89 1 0 5
4 57 12 0 15
5 91 68 0 11
6 20 11 0 18
7 0 89 0 14
8 80 25 0 15
9 46 16 0 14
10 17 51 0 15
11 10 59 0 14
12 78 8 0 5
13 36 47 0 5
14 63 44 0 5
15 7 31 0 14
16 0 42 0 18
17 30 95 0 1
18 44 77 0 18
19 1 41 0 3
20 84 78 0 7
21 61 18 0 1
22 73 95 0 18
23 46 77 0 15
24 16 69 0 1
25 54 93 0 11
26 77 97 0 18
27 41 48 0 18
28 43 43 0 15
29 9 15 0 10
30 35 15 0 1
31 3 26 0 11
32 52 0 0 7
33 62 99 0 1
34 33 21 0 15
35 84 52 0 1
36 71 13 0 11
37 15 31 0 15
38 7 32 0 10
39 38 69 0 18
40 58 8 0 1
41 53 33 0 18
42 66 85 0 3
43 19 43 0 14
44 59 83 0 1
45 28 96 0 14
46 8 90 0 18
47 49 88 0 11
48 96 28 0 7
49 28 79 0 14
50 17 52 0 3
51 52 12 0 3
52 12 85 0 1
53 64 50 0 1
54 25 0 0 11
55 69 15 0 10
56 17 41 0 5
57 55 41 0 5
58 48 93 0 15
59 93 82 0 18
60 51 90 0 11
61 46 88 0 11
62 70 31 0 5
63 54 71 0 18
64 27 43 0 10
65 38 63 0 11
66 31 42 0 15
67 46 50 0 15
68 58 33 0 15
69 60 1 0 7
70 36 88 0 11
71 55 47 0 3
72 43 16 0 5
73 52 86 0 5
74 63 8 0 11
75 30 35 0 10
76 86 33 0 14
77 70 34 0 1
78 49 3 0 14
79 49 1 0 7
80 76 3 0 15
81 7 63 0 10
82 42 83 0 14
83 80 55 0 7
84 36 84 0 7
85 56 94 0 10
86 64 8 0 18
87 9 66 0 1
88 43 92 0 11
89 18 71 0 7
90 76 79 0 14
91 64 23 0 18
92 94 59 0 14
93 43 85 0 15
94 50 43 0 14
95 44 80 0 1
96 42 89 0 5
97 66 75 0 14
98 12 76 0 10
99 87 53 0 10
100 53 44 0 10
101 26 24 0 1
102 91 23 0 5
103 13 36 0 5
104 58 89 0 1
105 8 45 0 1
106 45 55 0 5
107 15 6 0 1
108 15 99 0 1
109 28 87 0 15
110 48 85 0 15
111 15 66 0 1
112 36 37 0 7
113 19 65 0 15
114 16 14 0 14
115 67 31 0 11
116 60 81 0 7
117 97 97 0 18
118 81 57 0 1
119 93 91 0 3
120 49 47 0 1
121 59 84
