9 120 1
0 300
1 40 73 0 7
2 2 79 0 18
3 39 75 0 15
4 56 43 0 7
5 63 52 0 5
6 68 30 0 10
7 46 45 0 11
8 57 49 0 11
9 93 65 0 15
10 31 19 0 15
11 41 28 0 15
12 33 52 0 11
13 79 77 0 7
14 1 80 0 5
15 63 97 0 3
16 83 4 0 18
17 2 25 0 1
18 93 41 0 5
19 71 26 0 1
20 99 28 0 15
21 87 50 0 3
22 23 75 0 14
23 23 64 0 11
24 35 44 0 1
25 1 26 0 10
26 77 37 0 15
27 99 90 0 3
28 47 16 0 1
29 80 65 0 18
30 17 82 0 14
31 80 94 0 3
32 21 41 0 10
33 49 57 0 15
34 12 14 0 10
35 77 38 0 1
36 74 52 0 3
37 66 60 0 5
38 68 74 0 18
39 3 75 0 18
40 14 12 0 15
41 53 41 0 18
42 79 21 0 11
43 5 86 0 15
44 42 78 0 18
45 66 12 0 10
46 60 62 0 10
47 16 26 0 15
48 67 58 0 3
49 28 34 0 15
50 95 40 0 15
51 78 71 0 1
52 17 7 0 3
53 97 52 0 14
54 84 60 0 18
55 66 87 0 15
56 97 16 0 14
57 56 87 0 1
58 86 81 0 10
59 13 13 0 15
60 19 56 0 14
61 99 18 0 14
62 76 22 0 1
63 2 39 0 18
64 78 96 0 7
65 18 60 0 11
66 93 83 0 15
67 81 85 0 14
68 81 62 0 10
69 15 8 0 14
70 27 44 0 11
71 19 68 0 14
72 65 38 0 10
73 69 66 0 15
74 80 83 0 14
75 33 98 0 3
76 44 48 0 14
77 2 17 0 7
78 20 28 0 3
79 85 33 0 3
80 12 69 0 18
81 66 82 0 11
82 24 60 0 11
83 31 38 0 15
84 10 27 0 11
85 34 71 0 14
86 59 62 0 3
87 99 98 0 1
88 84 51 0 3
89 15 89 0 5
90 37 45 0 3
91 6 40 0 3
92 17 95 0 15
93 6 11 0 5
94 48 22 0 11
95 67 30 0 15
96 26 52 0 7
97 86 14 0 3
98 73 82 0 14
99 98 15 0 3
100 62 13 0 1
101 92 30 0 10
102 80 51 0 1
103 46 48 0 7
104 58 73 0 15
105 58 65 0 7
106 5 86 0 14
107 93 91 0 3
108 86 13 0 1
109 31 94 0 18
110 11 95 0 5
111 10 14 0 14
112 74 14 0 15
113 38 86 0 14
114 89 97 0 3
115 39 11 0 5
116 99 39 0 11
117 29 62 0 5
118 15 82 0 11
119 81 10 0 11
120 8 45 0 3
121 75 27
