9 120 1
0 300
1 98 60 0 18
2 23 44 0 15
3 67 74 0 7
4 56 16 0 1
5 33 46 0 15
6 63 76 0 11
7 21 78 0 11
8 86 60 0 1
9 36 25 0 18
10 16 28 0 15
11 38 83 0 3
12 61 39 0 10
13 18 83 0 5
14 21 42 0 14
15 49 3 0 3
16 88 9 0 5
17 77 69 0 11
18 32 24 0 14
19 88 29 0 7
20 94 50 0 1
21 97 84 0 11
22 35 41 0 15
23 52 81 0 3
24 53 28 0 14
25 47 44 0 1
26 95 71 0 10
27 15 16 0 18
28 23 77 0 14
29 53 35 0 3
30 62 82 0 15
31 51 69 0 11
32 43 62 0 11
33 85 40 0 18
34 34 34 0 18
35 63 24 0 14
36 96 76 0 3
37 6 33 0 5
38 93 32 0 10
39 3 81 0 10
40 10 38 0 14
41 36 23 0 15
42 96 77 0 3
43 28 47 0 14
44 32 37 0 18
45 69 43 0 14
46 66 42 0 3
47 10 99 0 5
48 98 25 0 5
49 34 20 0 18
50 77 74 0 15
51 66 34 0 11
52 52 82 0 11
53 64 97 0 11
54 71 13 0 11
55 9 80 0 15
56 41 30 0 3
57 76 37 0 5
58 12 29 0 5
59 44 34 0 1
60 62 36 0 1
61 99 68 0 1
62 24 22 0 10
63 29 80 0 14
64 31 52 0 14
65 88 35 0 11
66 46 24 0 5
67 92 67 0 14
68 43 27 0 14
69 90 76 0 1
70 65 76 0 14
71 92 68 0 10
72 6 32 0 11
73 32 99 0 11
74 74 21 0 5
75 70 26 0 10
76 96 35 0 15
77 66 83 0 11
78 85 38 0 5
79 94 57 0 7
80 41 2 0 3
81 59 54 0 15
82 43 34 0 14
83 95 35 0 14
84 31 33 0 18
85 37 20 0 3
86 96 96 0 10
87 17 18 0 18
88 58 64 0 18
89 32 3 0 18
90 96 38 0 3
91 87 27 0 10
92 35 72 0 18
93 53 40 0 18
94 37 81 0 1
95 74 56 0 1
96 93 56 0 18
97 96 44 0 5
98 95 59 0 7
99 16 27 0 10
100 0 70 0 3
101 74 98 0 10
102 16 42 0 5
103 7 82 0 5
104 43 21 0 14
105 40 66 0 14
106 92 29 0 14
107 51 14 0 14
108 64 57 0 3
109 68 79 0 11
110 68 56 0 11
111 4 44 0 11
112 22 52 0 11
113 21 49 0 3
114 11 83 0 15
115 24 23 0 15
116 93 60 0 7
117 11 19 0 11
118 48 2 0 10
119 81 79 0 18
120 9 55 0 7
121 57 55
