3 120 3
0 300
0 300
0 300
1 16 73 0 5
2 3 99 0 3
3 60 56 0 3
4 7 65 0 1
5 71 57 0 5
6 98 65 0 14
7 5 92 0 3
8 66 26 0 3
9 4 78 0 7
10 97 9 0 3
11 52 67 0 11
12 26 39 0 1
13 16 26 0 7
14 4 48 0 15
15 79 74 0 18
16 96 6 0 15
17 43 98 0 11
18 58 35 0 14
19 4 73 0 5
20 87 90 0 15
21 91 59 0 5
22 85 37 0 3
23 90 45 0 7
24 39 25 0 10
25 76 70 0 10
26 81 18 0 18
27 23 97 0 10
28 22 21 0 5
29 36 33 0 1
30 15 90 0 11
31 55 72 0 18
32 87 17 0 10
33 88 24 0 1
34 42 87 0 15
35 96 93 0 3
36 78 96 0 7
37 31 46 0 3
38 32 46 0 10
39 43 76 0 3
40 84 13 0 10
41 22 34 0 10
42 56 30 0 11
43 18 40 0 1
44 25 51 0 1
45 12 37 0 18
46 31 43 0 5
47 89 82 0 7
48 33 4 0 11
49 14 11 0 1
50 45 27 0 11
51 15 61 0 1
52 53 42 0 7
53 31 92 0 10
54 1 48 0 3
55 73 85 0 1
56 6 42 0 7
57 91 58 0 7
58 65 27 0 10
59 84 31 0 15
60 23 95 0 3
61 63 49 0 10
62 15 38 0 11
63 11 16 0 14
64 42 59 0 15
65 9 98 0 15
66 86 3 0 14
67 81 19 0 7
68 9 96 0 1
69 29 33 0 7
70 56 78 0 7
71 53 36 0 5
72 54 24 0 14
73 13 63 0 5
74 55 74 0 5
75 31 0 0 1
76 37 1 0 14
77 46 74 0 10
78 54 78 0 11
79 59 71 0 5
80 95 57 0 11
81 58 29 0 3
82 81 91 0 1
83 15 98 0 10
84 65 43 0 5
85 4 0 0 11
86 10 8 0 14
87 16 35 0 1
88 8 8 0 7
89 44 7 0 7
90 45 58 0 7
91 59 81 0 7
92 77 21 0 1
93 33 51 0 5
94 92 74 0 1
95 22 44 0 11
96 59 67 0 1
97 31 6 0 5
98 19 51 0 1
99 15 63 0 15
100 81 49 0 1
101 76 85 0 11
102 81 2 0 7
103 95 63 0 1
104 0 62 0 3
105 15 96 0 18
106 89 17 0 11
107 12 53 0 14
108 36 71 0 10
109 3 87 0 1
110 54 50 0 11
111 18 53 0 7
112 83 98 0 10
113 17 29 0 14
114 60 78 0 7
115 8 31 0 15
116 10 95 0 5
117 32 80 0 1
118 77 54 0 14
119 59 82 0 3
120 43 76 0 18
121 83 12
122 90 81
123 92 11
