3 120 3
0 300
0 300
0 300
1 89 1 0 11
2 57 12 0 18
3 91 68 0 14
4 20 11 0 15
5 0 89 0 14
6 80 25 0 15
7 46 16 0 14
8 17 51 0 5
9 10 59 0 5
10 78 8 0 5
11 36 47 0 14
12 63 44 0 18
13 7 31 0 1
14 0 42 0 18
15 30 95 0 3
16 44 77 0 7
17 1 41 0 1
18 84 78 0 18
19 61 18 0 15
20 73 95 0 1
21 46 77 0 11
22 16 69 0 18
23 54 93 0 18
24 77 97 0 15
25 41 48 0 10
26 43 43 0 1
27 9 15 0 11
28 35 15 0 7
29 3 26 0 1
30 52 0 0 15
31 62 99 0 1
32 33 21 0 11
33 84 52 0 15
34 71 13 0 10
35 15 31 0 18
36 7 32 0 1
37 38 69 0 18
38 58 8 0 3
39 53 33 0 14
40 66 85 0 1
41 19 43 0 14
42 59 83 0 18
43 28 96 0 11
44 8 90 0 7
45 49 88 0 14
46 96 28 0 3
47 28 79 0 3
48 17 52 0 1
49 52 12 0 1
50 12 85 0 11
51 64 50 0 10
52 25 0 0 5
53 69 15 0 5
54 17 41 0 15
55 55 41 0 18
56 48 93 0 11
57 93 82 0 11
58 51 90 0 5
59 46 88 0 18
60 70 31 0 10
61 54 71 0 11
62 27 43 0 15
63 38 63 0 15
64 31 42 0 15
65 46 50 0 7
66 58 33 0 11
67 60 1 0 3
68 36 88 0 5
69 55 47 0 5
70 43 16 0 11
71 52 86 0 10
72 63 8 0 14
73 30 35 0 1
74 86 33 0 14
75 70 34 0 7
76 49 3 0 15
77 49 1 0 10
78 76 3 0 14
79 7 63 0 7
80 42 83 0 7
81 80 55 0 10
82 36 84 0 18
83 56 94 0 1
84 64 8 0 11
85 9 66 0 7
86 43 92 0 14
87 18 71 0 18
88 76 79 0 14
89 64 23 0 15
90 94 59 0 14
91 43 85 0 1
92 50 43 0 5
93 44 80 0 14
94 42 89 0 10
95 66 75 0 10
96 12 76 0 10
97 87 53 0 1
98 53 44 0 5
99 26 24 0 5
100 91 23 0 1
101 13 36 0 1
102 58 89 0 5
103 8 45 0 1
104 45 55 0 1
105 15 6 0 15
106 15 99 0 15
107 28 87 0 1
108 48 85 0 7
109 15 66 0 15
110 36 37 0 14
111 19 65 0 11
112 16 14 0 7
113 67 31 0 18
114 60 81 0 1
115 97 97 0 3
116 81 57 0 1
117 93 91 0 7
118 49 47 0 5
119 59 29 0 7
120 38 82 0 14
121 59 84
122 94 29
123 51 64
