9 120 1
0 300
1 28 2 0 11
2 47 6 0 7
3 77 74 0 1
4 59 88 0 18
5 45 79 0 10
6 14 40 0 7
7 5 45 0 18
8 17 94 0 3
9 84 87 0 1
10 64 21 0 15
11 94 1 0 18
12 18 18 0 15
13 29 59 0 3
14 12 11 0 5
15 26 80 0 10
16 13 5 0 14
17 6 25 0 3
18 36 0 0 1
19 26 50 0 14
20 58 42 0 11
21 44 17 0 15
22 75 37 0 10
23 15 37 0 11
24 43 96 0 10
25 76 29 0 15
26 42 94 0 11
27 82 62 0 3
28 32 91 0 14
29 71 27 0 14
30 85 53 0 3
31 13 27 0 3
32 12 8 0 5
33 51 14 0 10
34 76 72 0 1
35 60 91 0 7
36 27 50 0 14
37 80 67 0 1
38 56 91 0 14
39 61 83 0 1
40 6 6 0 11
41 4 52 0 18
42 92 6 0 14
43 69 5 0 7
44 16 32 0 7
45 29 64 0 11
46 8 99 0 15
47 57 67 0 3
48 16 77 0 10
49 38 25 0 7
50 58 70 0 11
51 55 32 0 10
52 59 30 0 3
53 33 31 0 3
54 79 15 0 5
55 71 75 0 18
56 16 12 0 5
57 16 7 0 10
58 91 94 0 18
59 43 96 0 14
60 64 0 0 11
61 4 25 0 3
62 0 27 0 15
63 63 48 0 5
64 40 53 0 7
65 95 50 0 7
66 75 37 0 11
67 12 59 0 10
68 73 79 0 7
69 2 43 0 1
70 1 50 0 14
71 52 66 0 14
72 32 42 0 11
73 62 1 0 10
74 74 98 0 1
75 14 98 0 10
76 57 99 0 11
77 93 7 0 1
78 87 51 0 7
79 62 31 0 18
80 9 54 0 14
81 63 75 0 14
82 8 1 0 1
83 73 39 0 18
84 49 37 0 1
85 50 58 0 14
86 3 68 0 5
87 55 73 0 11
88 24 86 0 10
89 83 24 0 7
90 93 56 0 11
91 94 95 0 14
92 57 58 0 10
93 65 82 0 11
94 4 50 0 18
95 97 14 0 14
96 21 55 0 14
97 68 76 0 5
98 52 61 0 7
99 27 97 0 15
100 17 82 0 18
101 77 93 0 15
102 94 33 0 15
103 85 13 0 7
104 84 19 0 7
105 16 16 0 3
106 98 64 0 1
107 15 12 0 1
108 55 39 0 14
109 63 81 0 14
110 18 4 0 3
111 55 83 0 5
112 80 49 0 15
113 36 65 0 5
114 84 6 0 5
115 45 87 0 5
116 88 96 0 3
117 69 99 0 18
118 1 59 0 10
119 57 84 0 18
120 59 82 0 3
121 0 10
