9 120 1
0 300
1 63 47 0 3
2 71 61 0 14
3 44 9 0 7
4 61 5 0 14
5 56 53 0 5
6 39 90 0 15
7 53 70 0 15
8 71 20 0 11
9 30 98 0 15
10 1 46 0 10
11 46 85 0 5
12 45 63 0 14
13 47 22 0 7
14 21 25 0 18
15 4 17 0 3
16 61 82 0 1
17 52 27 0 5
18 71 30 0 1
19 38 22 0 11
20 34 3 0 5
21 71 69 0 5
22 59 74 0 14
23 71 52 0 14
24 55 53 0 14
25 76 83 0 1
26 85 78 0 11
27 37 47 0 5
28 39 79 0 1
29 55 96 0 5
30 75 7 0 11
31 64 98 0 7
32 94 49 0 18
33 66 3 0 14
34 34 74 0 11
35 4 93 0 5
36 17 65 0 3
37 48 58 0 14
38 54 3 0 14
39 39 18 0 5
40 92 43 0 5
41 0 62 0 3
42 71 27 0 7
43 45 71 0 18
44 18 23 0 15
45 45 14 0 5
46 80 54 0 5
47 79 76 0 5
48 11 18 0 10
49 15 33 0 15
50 31 41 0 1
51 1 71 0 10
52 78 65 0 5
53 81 87 0 3
54 0 57 0 14
55 96 13 0 11
56 27 47 0 18
57 18 40 0 1
58 42 94 0 15
59 46 77 0 1
60 86 72 0 1
61 6 87 0 10
62 82 14 0 5
63 32 84 0 10
64 1 6 0 18
65 16 65 0 10
66 29 5 0 7
67 69 75 0 15
68 68 7 0 15
69 98 46 0 1
70 2 42 0 5
71 82 73 0 3
72 49 85 0 1
73 4 84 0 15
74 99 19 0 1
75 60 41 0 1
76 7 49 0 3
77 33 7 0 18
78 13 51 0 7
79 96 67 0 11
80 16 84 0 14
81 54 1 0 3
82 52 82 0 11
83 20 47 0 11
84 25 10 0 10
85 21 55 0 14
86 82 40 0 11
87 5 49 0 14
88 6 52 0 3
89 87 71 0 1
90 19 38 0 5
91 70 63 0 11
92 3 20 0 15
93 32 68 0 15
94 94 72 0 15
95 68 7 0 7
96 82 67 0 14
97 33 26 0 3
98 64 22 0 1
99 70 88 0 11
100 17 18 0 11
101 29 7 0 11
102 44 81 0 1
103 68 33 0 11
104 43 28 0 7
105 9 36 0 14
106 53 24 0 18
107 12 64 0 3
108 57 34 0 7
109 63 96 0 11
110 52 15 0 18
111 96 85 0 15
112 45 27 0 14
113 28 93 0 11
114 76 24 0 3
115 51 60 0 5
116 63 47 0 7
117 23 48 0 1
118 36 33 0 15
119 25 25 0 14
120 26 69 0 7
121 61 38
