6 50 1
0 200
1 31 61 0 2
2 21 41 0 10
3 69 96 0 5
4 61 33 0 12
5 54 44 0 10
6 70 55 0 5
7 69 98 0 7
8 29 48 0 15
9 61 49 0 17
10 45 5 0 20
11 6 5 0 7
12 1 3 0 7
13 12 4 0 17
14 3 71 0 5
15 80 83 0 7
16 76 66 0 12
17 72 22 0 2
18 95 46 0 12
19 93 65 0 5
20 89 89 0 2
21 39 35 0 5
22 57 47 0 5
23 57 75 0 22
24 10 47 0 12
25 10 98 0 5
26 14 59 0 5
27 36 78 0 5
28 50 44 0 10
29 86 95 0 7
30 13 1 0 7
31 54 65 0 15
32 61 96 0 15
33 72 26 0 2
34 15 88 0 2
35 97 26 0 22
36 17 67 0 15
37 14 37 0 12
38 0 63 0 20
39 32 22 0 5
40 18 32 0 22
41 73 52 0 17
42 93 32 0 17
43 35 98 0 20
44 2 30 0 22
45 18 98 0 2
46 76 33 0 17
47 28 65 0 5
48 33 65 0 5
49 24 19 0 17
50 48 79 0 10
51 45 48
