5 50 3
0 100
0 100
0 100
1 16 73 0 20
2 3 99 0 17
3 60 56 0 17
4 7 65 0 7
5 71 57 0 22
6 98 65 0 5
7 5 92 0 7
8 66 26 0 10
9 4 78 0 5
10 97 9 0 20
11 52 67 0 15
12 26 39 0 7
13 16 26 0 20
14 4 48 0 10
15 79 74 0 7
16 96 6 0 7
17 43 98 0 22
18 58 35 0 17
19 4 73 0 7
20 87 90 0 5
21 91 59 0 17
22 85 37 0 5
23 90 45 0 2
24 39 25 0 20
25 76 70 0 22
26 81 18 0 22
27 23 97 0 17
28 22 21 0 2
29 36 33 0 5
30 15 90 0 22
31 55 72 0 10
32 87 17 0 22
33 88 24 0 15
34 42 87 0 12
35 96 93 0 12
36 78 96 0 20
37 31 46 0 7
38 32 46 0 10
39 43 76 0 22
40 84 13 0 15
41 22 34 0 5
42 56 30 0 12
43 18 40 0 20
44 25 51 0 15
45 12 37 0 5
46 31 43 0 2
47 89 82 0 10
48 33 4 0 15
49 14 11 0 12
50 45 27 0 15
51 83 12
52 90 81
53 92 11
