5 50 3
0 100
0 100
0 100
1 69 96 0 10
2 61 33 0 5
3 54 44 0 7
4 70 55 0 15
5 69 98 0 17
6 29 48 0 20
7 61 49 0 7
8 45 5 0 7
9 6 5 0 17
10 1 3 0 5
11 12 4 0 7
12 3 71 0 12
13 80 83 0 2
14 76 66 0 12
15 72 22 0 5
16 95 46 0 2
17 93 65 0 5
18 89 89 0 5
19 39 35 0 22
20 57 47 0 12
21 57 75 0 5
22 10 47 0 5
23 10 98 0 5
24 14 59 0 10
25 36 78 0 7
26 50 44 0 7
27 86 95 0 15
28 13 1 0 15
29 54 65 0 2
30 61 96 0 2
31 72 26 0 22
32 15 88 0 15
33 97 26 0 12
34 17 67 0 20
35 14 37 0 5
36 0 63 0 22
37 32 22 0 17
38 18 32 0 17
39 73 52 0 20
40 93 32 0 22
41 35 98 0 2
42 2 30 0 17
43 18 98 0 5
44 76 33 0 5
45 28 65 0 17
46 33 65 0 10
47 24 19 0 15
48 48 79 0 5
49 92 61 0 20
50 20 76 0 22
51 45 48
52 31 61
53 21 41
