3 50 3
0 200
0 200
0 200
1 67 74 0 20
2 56 16 0 2
3 33 46 0 2
4 63 76 0 15
5 21 78 0 22
6 86 60 0 22
7 36 25 0 12
8 16 28 0 2
9 38 83 0 5
10 61 39 0 17
11 18 83 0 22
12 21 42 0 12
13 49 3 0 2
14 88 9 0 12
15 77 69 0 2
16 32 24 0 12
17 88 29 0 15
18 94 50 0 15
19 97 84 0 10
20 35 41 0 12
21 52 81 0 7
22 53 28 0 2
23 47 44 0 10
24 95 71 0 2
25 15 16 0 7
26 23 77 0 5
27 53 35 0 15
28 62 82 0 17
29 51 69 0 10
30 43 62 0 17
31 85 40 0 12
32 34 34 0 12
33 63 24 0 2
34 96 76 0 10
35 6 33 0 10
36 93 32 0 15
37 3 81 0 20
38 10 38 0 17
39 36 23 0 17
40 96 77 0 7
41 28 47 0 2
42 32 37 0 20
43 69 43 0 12
44 66 42 0 12
45 10 99 0 17
46 98 25 0 15
47 34 20 0 22
48 77 74 0 12
49 66 34 0 12
50 52 82 0 7
51 57 55
52 98 60
53 23 44
