3 50 3
0 200
0 200
0 200
1 77 74 0 17
2 59 88 0 5
3 45 79 0 15
4 14 40 0 22
5 5 45 0 17
6 17 94 0 7
7 84 87 0 20
8 64 21 0 20
9 94 1 0 7
10 18 18 0 5
11 29 59 0 20
12 12 11 0 20
13 26 80 0 15
14 13 5 0 17
15 6 25 0 10
16 36 0 0 15
17 26 50 0 15
18 58 42 0 10
19 44 17 0 17
20 75 37 0 20
21 15 37 0 2
22 43 96 0 17
23 76 29 0 12
24 42 94 0 10
25 82 62 0 10
26 32 91 0 20
27 71 27 0 15
28 85 53 0 2
29 13 27 0 5
30 12 8 0 20
31 51 14 0 20
32 76 72 0 17
33 60 91 0 17
34 27 50 0 20
35 80 67 0 5
36 56 91 0 22
37 61 83 0 20
38 6 6 0 7
39 4 52 0 22
40 92 6 0 7
41 69 5 0 7
42 16 32 0 12
43 29 64 0 17
44 8 99 0 5
45 57 67 0 10
46 16 77 0 17
47 38 25 0 20
48 58 70 0 2
49 55 32 0 22
50 59 30 0 5
51 0 10
52 28 2
53 47 6
