6 50 1
0 200
1 47 77 0 15
2 91 93 0 12
3 26 95 0 2
4 38 41 0 15
5 95 56 0 20
6 13 20 0 12
7 51 48 0 5
8 51 34 0 17
9 44 63 0 10
10 69 82 0 10
11 91 73 0 15
12 44 7 0 15
13 91 78 0 12
14 97 59 0 7
15 62 66 0 12
16 88 81 0 15
17 72 40 0 12
18 24 58 0 5
19 82 48 0 12
20 93 16 0 20
21 77 60 0 5
22 16 72 0 2
23 21 84 0 15
24 77 5 0 10
25 75 57 0 22
26 73 74 0 20
27 42 30 0 5
28 39 32 0 22
29 5 69 0 10
30 28 62 0 15
31 37 85 0 5
32 53 3 0 15
33 49 42 0 20
34 23 92 0 20
35 59 34 0 2
36 0 95 0 5
37 11 54 0 10
38 80 7 0 15
39 66 97 0 15
40 29 33 0 12
41 4 0 0 12
42 36 88 0 17
43 50 12 0 2
44 82 55 0 12
45 96 1 0 5
46 4 55 0 22
47 10 7 0 2
48 85 8 0 20
49 10 64 0 17
50 66 97 0 10
51 65 30
