5 50 3
0 100
0 100
0 100
1 99 91 0 10
2 61 97 0 2
3 31 21 0 17
4 92 47 0 15
5 59 79 0 20
6 76 21 0 17
7 30 3 0 15
8 52 32 0 7
9 60 52 0 17
10 92 54 0 10
11 75 65 0 2
12 94 29 0 5
13 91 85 0 20
14 30 80 0 12
15 96 21 0 10
16 30 84 0 22
17 90 63 0 15
18 65 87 0 22
19 93 18 0 22
20 29 92 0 12
21 77 26 0 17
22 33 98 0 10
23 18 82 0 7
24 79 2 0 22
25 0 66 0 12
26 74 94 0 15
27 56 83 0 12
28 14 79 0 5
29 1 82 0 5
30 55 80 0 2
31 69 15 0 5
32 50 56 0 17
33 57 6 0 7
34 24 26 0 5
35 22 92 0 5
36 78 70 0 15
37 35 9 0 10
38 60 96 0 5
39 72 9 0 15
40 45 52 0 17
41 81 71 0 10
42 14 2 0 15
43 64 74 0 12
44 78 84 0 20
45 94 29 0 2
46 1 74 0 7
47 98 13 0 22
48 24 92 0 20
49 89 45 0 20
50 21 59 0 10
51 55 55
52 9 21
53 0 3
