6 50 1
0 200
1 98 60 0 10
2 23 44 0 10
3 67 74 0 2
4 56 16 0 22
5 33 46 0 20
6 63 76 0 2
7 21 78 0 2
8 86 60 0 15
9 36 25 0 22
10 16 28 0 22
11 38 83 0 12
12 61 39 0 2
13 18 83 0 5
14 21 42 0 17
15 49 3 0 22
16 88 9 0 12
17 77 69 0 2
18 32 24 0 12
19 88 29 0 2
20 94 50 0 12
21 97 84 0 15
22 35 41 0 15
23 52 81 0 10
24 53 28 0 12
25 47 44 0 7
26 95 71 0 2
27 15 16 0 10
28 23 77 0 2
29 53 35 0 7
30 62 82 0 5
31 51 69 0 15
32 43 62 0 17
33 85 40 0 10
34 34 34 0 17
35 63 24 0 12
36 96 76 0 12
37 6 33 0 2
38 93 32 0 10
39 3 81 0 10
40 10 38 0 15
41 36 23 0 20
42 96 77 0 17
43 28 47 0 17
44 32 37 0 7
45 69 43 0 2
46 66 42 0 20
47 10 99 0 12
48 98 25 0 12
49 34 20 0 17
50 77 74 0 15
51 57 55
