3 50 3
0 200
0 200
0 200
1 20 62 0 15
2 36 85 0 15
3 85 55 0 12
4 28 20 0 10
5 44 35 0 10
6 72 7 0 7
7 96 10 0 5
8 88 41 0 2
9 75 69 0 12
10 52 59 0 12
11 87 62 0 12
12 76 11 0 15
13 85 67 0 17
14 62 56 0 12
15 74 95 0 20
16 38 22 0 15
17 37 19 0 15
18 74 25 0 5
19 23 93 0 22
20 95 55 0 20
21 41 43 0 10
22 73 3 0 7
23 9 89 0 17
24 99 47 0 7
25 10 51 0 17
26 26 49 0 17
27 74 72 0 17
28 44 55 0 2
29 63 10 0 2
30 33 51 0 2
31 21 28 0 2
32 66 78 0 10
33 50 30 0 12
34 77 22 0 5
35 38 97 0 12
36 59 53 0 7
37 66 37 0 5
38 92 9 0 15
39 36 41 0 17
40 29 37 0 22
41 80 77 0 7
42 52 93 0 22
43 14 20 0 20
44 72 47 0 12
45 4 15 0 5
46 19 88 0 10
47 72 88 0 5
48 12 1 0 15
49 17 55 0 20
50 40 18 0 17
51 53 19
52 65 65
53 23 42
