6 50 1
0 200
1 65 65 0 20
2 23 42 0 7
3 20 62 0 12
4 36 85 0 17
5 85 55 0 15
6 28 20 0 15
7 44 35 0 12
8 72 7 0 10
9 96 10 0 10
10 88 41 0 7
11 75 69 0 5
12 52 59 0 2
13 87 62 0 12
14 76 11 0 12
15 85 67 0 12
16 62 56 0 15
17 74 95 0 17
18 38 22 0 12
19 37 19 0 20
20 74 25 0 15
21 23 93 0 15
22 95 55 0 5
23 41 43 0 22
24 73 3 0 20
25 9 89 0 10
26 99 47 0 7
27 10 51 0 17
28 26 49 0 7
29 74 72 0 17
30 44 55 0 17
31 63 10 0 17
32 33 51 0 2
33 21 28 0 2
34 66 78 0 2
35 50 30 0 2
36 77 22 0 10
37 38 97 0 12
38 59 53 0 5
39 66 37 0 12
40 92 9 0 7
41 36 41 0 5
42 29 37 0 15
43 80 77 0 17
44 52 93 0 22
45 14 20 0 7
46 72 47 0 22
47 4 15 0 20
48 19 88 0 12
49 72 88 0 5
50 12 1 0 10
51 53 19
