6 50 1
0 200
1 63 47 0 7
2 71 61 0 15
3 44 9 0 2
4 61 5 0 2
5 56 53 0 15
6 39 90 0 15
7 53 70 0 2
8 71 20 0 10
9 30 98 0 20
10 1 46 0 2
11 46 85 0 5
12 45 63 0 12
13 47 22 0 17
14 21 25 0 2
15 4 17 0 15
16 61 82 0 12
17 52 27 0 20
18 71 30 0 22
19 38 22 0 12
20 34 3 0 22
21 71 69 0 20
22 59 74 0 22
23 71 52 0 2
24 55 53 0 2
25 76 83 0 10
26 85 78 0 17
27 37 47 0 10
28 39 79 0 2
29 55 96 0 22
30 75 7 0 5
31 64 98 0 17
32 94 49 0 15
33 66 3 0 7
34 34 74 0 10
35 4 93 0 20
36 17 65 0 20
37 48 58 0 22
38 54 3 0 12
39 39 18 0 5
40 92 43 0 5
41 0 62 0 15
42 71 27 0 12
43 45 71 0 17
44 18 23 0 10
45 45 14 0 10
46 80 54 0 7
47 79 76 0 15
48 11 18 0 12
49 15 33 0 12
50 31 41 0 20
51 61 38
