5 50 3
0 100
0 100
0 100
1 44 9 0 15
2 61 5 0 15
3 56 53 0 2
4 39 90 0 10
5 53 70 0 20
6 71 20 0 2
7 30 98 0 5
8 1 46 0 12
9 46 85 0 17
10 45 63 0 2
11 47 22 0 15
12 21 25 0 12
13 4 17 0 20
14 61 82 0 22
15 52 27 0 12
16 71 30 0 22
17 38 22 0 20
18 34 3 0 22
19 71 69 0 2
20 59 74 0 2
21 71 52 0 10
22 55 53 0 17
23 76 83 0 10
24 85 78 0 2
25 37 47 0 22
26 39 79 0 5
27 55 96 0 17
28 75 7 0 15
29 64 98 0 7
30 94 49 0 10
31 66 3 0 20
32 34 74 0 20
33 4 93 0 22
34 17 65 0 12
35 48 58 0 5
36 54 3 0 5
37 39 18 0 15
38 92 43 0 12
39 0 62 0 17
40 71 27 0 10
41 45 71 0 10
42 18 23 0 7
43 45 14 0 15
44 80 54 0 12
45 79 76 0 12
46 11 18 0 20
47 15 33 0 10
48 31 41 0 2
49 1 71 0 17
50 78 65 0 7
51 61 38
52 63 47
53 71 61
