6 50 1
0 200
1 94 29 0 22
2 51 64 0 5
3 89 1 0 5
4 57 12 0 7
5 91 68 0 12
6 20 11 0 17
7 0 89 0 7
8 80 25 0 2
9 46 16 0 12
10 17 51 0 2
11 10 59 0 5
12 78 8 0 10
13 36 47 0 12
14 63 44 0 15
15 7 31 0 10
16 0 42 0 10
17 30 95 0 10
18 44 77 0 20
19 1 41 0 12
20 84 78 0 5
21 61 18 0 20
22 73 95 0 22
23 46 77 0 10
24 16 69 0 17
25 54 93 0 17
26 77 97 0 22
27 41 48 0 20
28 43 43 0 10
29 9 15 0 10
30 35 15 0 2
31 3 26 0 17
32 52 0 0 2
33 62 99 0 12
34 33 21 0 15
35 84 52 0 12
36 71 13 0 7
37 15 31 0 7
38 7 32 0 12
39 38 69 0 7
40 58 8 0 15
41 53 33 0 5
42 66 85 0 2
43 19 43 0 17
44 59 83 0 12
45 28 96 0 20
46 8 90 0 15
47 49 88 0 7
48 96 28 0 2
49 28 79 0 17
50 17 52 0 10
51 59 84
