6 50 1
0 200
1 9 21 0 10
2 0 3 0 15
3 99 91 0 5
4 61 97 0 10
5 31 21 0 10
6 92 47 0 2
7 59 79 0 17
8 76 21 0 15
9 30 3 0 20
10 52 32 0 17
11 60 52 0 15
12 92 54 0 7
13 75 65 0 17
14 94 29 0 10
15 91 85 0 2
16 30 80 0 5
17 96 21 0 20
18 30 84 0 12
19 90 63 0 10
20 65 87 0 22
21 93 18 0 15
22 29 92 0 22
23 77 26 0 22
24 33 98 0 12
25 18 82 0 17
26 79 2 0 10
27 0 66 0 7
28 74 94 0 22
29 56 83 0 12
30 14 79 0 15
31 1 82 0 12
32 55 80 0 5
33 69 15 0 5
34 50 56 0 2
35 57 6 0 5
36 24 26 0 17
37 22 92 0 7
38 78 70 0 5
39 35 9 0 5
40 60 96 0 15
41 72 9 0 10
42 45 52 0 5
43 81 71 0 15
44 14 2 0 17
45 64 74 0 10
46 78 84 0 15
47 94 29 0 12
48 1 74 0 20
49 98 13 0 2
50 24 92 0 7
51 55 55
