6 50 1
0 200
1 28 2 0 20
2 47 6 0 20
3 77 74 0 20
4 59 88 0 5
5 45 79 0 17
6 14 40 0 5
7 5 45 0 15
8 17 94 0 22
9 84 87 0 17
10 64 21 0 7
11 94 1 0 20
12 18 18 0 20
13 29 59 0 7
14 12 11 0 5
15 26 80 0 20
16 13 5 0 20
17 6 25 0 15
18 36 0 0 17
19 26 50 0 10
20 58 42 0 15
21 44 17 0 15
22 75 37 0 10
23 15 37 0 17
24 43 96 0 20
25 76 29 0 2
26 42 94 0 17
27 82 62 0 12
28 32 91 0 10
29 71 27 0 10
30 85 53 0 20
31 13 27 0 15
32 12 8 0 2
33 51 14 0 5
34 76 72 0 20
35 60 91 0 20
36 27 50 0 17
37 80 67 0 17
38 56 91 0 20
39 61 83 0 5
40 6 6 0 22
41 4 52 0 20
42 92 6 0 7
43 69 5 0 22
44 16 32 0 7
45 29 64 0 7
46 8 99 0 12
47 57 67 0 17
48 16 77 0 5
49 38 25 0 10
50 58 70 0 17
51 0 10
