3 50 3
0 200
0 200
0 200
1 26 95 0 20
2 38 41 0 12
3 95 56 0 5
4 13 20 0 17
5 51 48 0 10
6 51 34 0 10
7 44 63 0 15
8 69 82 0 15
9 91 73 0 12
10 44 7 0 7
11 91 78 0 12
12 97 59 0 15
13 62 66 0 12
14 88 81 0 5
15 72 40 0 12
16 24 58 0 20
17 82 48 0 5
18 93 16 0 2
19 77 60 0 15
20 16 72 0 10
21 21 84 0 22
22 77 5 0 20
23 75 57 0 5
24 73 74 0 22
25 42 30 0 10
26 39 32 0 15
27 5 69 0 5
28 28 62 0 15
29 37 85 0 20
30 53 3 0 20
31 49 42 0 2
32 23 92 0 5
33 59 34 0 10
34 0 95 0 15
35 11 54 0 15
36 80 7 0 12
37 66 97 0 12
38 29 33 0 17
39 4 0 0 2
40 36 88 0 12
41 50 12 0 5
42 82 55 0 22
43 96 1 0 2
44 4 55 0 20
45 10 7 0 17
46 85 8 0 10
47 10 64 0 17
48 66 97 0 17
49 34 54 0 2
50 19 61 0 17
51 65 30
52 47 77
53 91 93
