5 50 3
0 100
0 100
0 100
1 89 1 0 12
2 57 12 0 17
3 91 68 0 7
4 20 11 0 2
5 0 89 0 12
6 80 25 0 2
7 46 16 0 5
8 17 51 0 10
9 10 59 0 12
10 78 8 0 15
11 36 47 0 10
12 63 44 0 10
13 7 31 0 10
14 0 42 0 20
15 30 95 0 12
16 44 77 0 5
17 1 41 0 20
18 84 78 0 22
19 61 18 0 10
20 73 95 0 17
21 46 77 0 17
22 16 69 0 22
23 54 93 0 20
24 77 97 0 10
25 41 48 0 10
26 43 43 0 2
27 9 15 0 17
28 35 15 0 2
29 3 26 0 12
30 52 0 0 15
31 62 99 0 12
32 33 21 0 7
33 84 52 0 7
34 71 13 0 12
35 15 31 0 7
36 7 32 0 15
37 38 69 0 5
38 58 8 0 2
39 53 33 0 17
40 66 85 0 12
41 19 43 0 20
42 59 83 0 15
43 28 96 0 7
44 8 90 0 2
45 49 88 0 17
46 96 28 0 10
47 28 79 0 7
48 17 52 0 20
49 52 12 0 20
50 12 85 0 7
51 59 84
52 94 29
53 51 64
