6 50 1
0 200
1 90 81 0 5
2 92 11 0 20
3 16 73 0 22
4 3 99 0 2
5 60 56 0 20
6 7 65 0 17
7 71 57 0 17
8 98 65 0 7
9 5 92 0 22
10 66 26 0 5
11 4 78 0 7
12 97 9 0 10
13 52 67 0 5
14 26 39 0 20
15 16 26 0 15
16 4 48 0 7
17 79 74 0 20
18 96 6 0 10
19 43 98 0 7
20 58 35 0 7
21 4 73 0 22
22 87 90 0 17
23 91 59 0 7
24 85 37 0 5
25 90 45 0 17
26 39 25 0 5
27 76 70 0 2
28 81 18 0 20
29 23 97 0 22
30 22 21 0 22
31 36 33 0 17
32 15 90 0 2
33 55 72 0 5
34 87 17 0 22
35 88 24 0 10
36 42 87 0 22
37 96 93 0 15
38 78 96 0 12
39 31 46 0 12
40 32 46 0 20
41 43 76 0 7
42 84 13 0 10
43 22 34 0 22
44 56 30 0 15
45 18 40 0 5
46 25 51 0 12
47 12 37 0 20
48 31 43 0 15
49 89 82 0 5
50 33 4 0 2
51 83 12
