6 50 1
0 200
1 40 73 0 17
2 2 79 0 20
3 39 75 0 12
4 56 43 0 17
5 63 52 0 5
6 68 30 0 15
7 46 45 0 17
8 57 49 0 20
9 93 65 0 5
10 31 19 0 12
11 41 28 0 22
12 33 52 0 17
13 79 77 0 5
14 1 80 0 22
15 63 97 0 17
16 83 4 0 5
17 2 25 0 15
18 93 41 0 10
19 71 26 0 12
20 99 28 0 20
21 87 50 0 7
22 23 75 0 7
23 23 64 0 7
24 35 44 0 7
25 1 26 0 20
26 77 37 0 15
27 99 90 0 5
28 47 16 0 10
29 80 65 0 17
30 17 82 0 22
31 80 94 0 10
32 21 41 0 10
33 49 57 0 5
34 12 14 0 15
35 77 38 0 10
36 74 52 0 2
37 66 60 0 17
38 68 74 0 2
39 3 75 0 17
40 14 12 0 12
41 53 41 0 15
42 79 21 0 15
43 5 86 0 2
44 42 78 0 22
45 66 12 0 2
46 60 62 0 7
47 16 26 0 10
48 67 58 0 20
49 28 34 0 2
50 95 40 0 22
51 75 27
