5 50 3
0 100
0 100
0 100
1 39 75 0 5
2 56 43 0 15
3 63 52 0 17
4 68 30 0 20
5 46 45 0 5
6 57 49 0 12
7 93 65 0 22
8 31 19 0 17
9 41 28 0 5
10 33 52 0 22
11 79 77 0 17
12 1 80 0 5
13 63 97 0 15
14 83 4 0 10
15 2 25 0 12
16 93 41 0 20
17 71 26 0 7
18 99 28 0 7
19 87 50 0 7
20 23 75 0 7
21 23 64 0 20
22 35 44 0 15
23 1 26 0 5
24 77 37 0 10
25 99 90 0 17
26 47 16 0 22
27 80 65 0 10
28 17 82 0 10
29 80 94 0 5
30 21 41 0 15
31 49 57 0 10
32 12 14 0 2
33 77 38 0 17
34 74 52 0 2
35 66 60 0 17
36 68 74 0 12
37 3 75 0 15
38 14 12 0 15
39 53 41 0 2
40 79 21 0 22
41 5 86 0 2
42 42 78 0 7
43 66 12 0 10
44 60 62 0 20
45 16 26 0 2
46 67 58 0 22
47 28 34 0 17
48 95 40 0 17
49 78 71 0 12
50 17 7 0 2
51 75 27
52 40 73
53 2 79
